# Vertices: 80 Edges: 105
80 105
2 2 1 1 1 1 1 1 1 2 2 1 2 2 1 1 1 2 2 1 1 1 2 2 1 1 2 1 2 1 1 1 1 2 1 2 1 1 2 1 1 2 1 2 2 2 2 2 1 2 1 2 2 2 2 2 2 1 1 1 2 1 2 2 1 2 2 2 2 1 2 2 1 2 2 1 2 2 2 2 
1 78
2 24
3 8
3 55
4 73
5 10
5 21
7 10
9 66
10 33
10 35
11 12
12 57
12 50
13 15
13 72
14 72
15 49
15 32
16 45
16 41
17 12
17 68
18 2
18 38
19 40
20 66
21 33
23 30
23 54
24 23
24 80
25 13
26 59
26 64
27 46
27 47
28 17
29 76
30 26
31 59
31 64
32 52
32 36
33 56
34 8
34 55
35 56
35 60
36 28
36 37
37 17
37 11
38 24
38 43
39 27
39 44
40 38
42 1
42 53
43 23
44 46
46 19
47 19
48 16
49 52
49 36
51 79
52 28
52 37
53 70
53 78
54 26
54 31
55 48
55 29
56 69
57 5
57 7
58 40
59 20
60 42
60 69
62 74
63 79
64 9
65 6
66 22
66 75
68 57
69 1
69 53
70 65
70 67
71 22
73 44
74 3
76 41
77 73
77 39
78 65
78 67
79 13
79 14
80 54

_____________________________________________________________
Output:

30 28 192
1: 63 79 13 15 49 52 28 17 68 57 5 10 33 56 69 1 78 65 6 
2: 63 79 13 15 49 52 28 17 68 57 5 10 33 56 69 1 78 67 
3: 63 79 13 15 49 52 28 17 68 57 5 10 33 56 69 53 78 65 6 
4: 63 79 13 15 49 52 28 17 68 57 5 10 33 56 69 53 78 67 
5: 63 79 13 15 49 52 28 17 68 57 5 10 35 56 69 1 78 65 6 
6: 63 79 13 15 49 52 28 17 68 57 5 10 35 56 69 1 78 67 
7: 63 79 13 15 49 52 28 17 68 57 5 10 35 56 69 53 78 65 6 
8: 63 79 13 15 49 52 28 17 68 57 5 10 35 56 69 53 78 67 
9: 63 79 13 15 49 52 28 17 68 57 7 10 33 56 69 1 78 65 6 
10: 63 79 13 15 49 52 28 17 68 57 7 10 33 56 69 1 78 67 
11: 63 79 13 15 49 52 28 17 68 57 7 10 33 56 69 53 78 65 6 
12: 63 79 13 15 49 52 28 17 68 57 7 10 33 56 69 53 78 67 
13: 63 79 13 15 49 52 28 17 68 57 7 10 35 56 69 1 78 65 6 
14: 63 79 13 15 49 52 28 17 68 57 7 10 35 56 69 1 78 67 
15: 63 79 13 15 49 52 28 17 68 57 7 10 35 56 69 53 78 65 6 
16: 63 79 13 15 49 52 28 17 68 57 7 10 35 56 69 53 78 67 
17: 63 79 13 15 49 52 37 17 68 57 5 10 33 56 69 1 78 65 6 
18: 63 79 13 15 49 52 37 17 68 57 5 10 33 56 69 1 78 67 
19: 63 79 13 15 49 52 37 17 68 57 5 10 33 56 69 53 78 65 6 
20: 63 79 13 15 49 52 37 17 68 57 5 10 33 56 69 53 78 67 
21: 63 79 13 15 49 52 37 17 68 57 5 10 35 56 69 1 78 65 6 
22: 63 79 13 15 49 52 37 17 68 57 5 10 35 56 69 1 78 67 
23: 63 79 13 15 49 52 37 17 68 57 5 10 35 56 69 53 78 65 6 
24: 63 79 13 15 49 52 37 17 68 57 5 10 35 56 69 53 78 67 
25: 63 79 13 15 49 52 37 17 68 57 7 10 33 56 69 1 78 65 6 
26: 63 79 13 15 49 52 37 17 68 57 7 10 33 56 69 1 78 67 
27: 63 79 13 15 49 52 37 17 68 57 7 10 33 56 69 53 78 65 6 
28: 63 79 13 15 49 52 37 17 68 57 7 10 33 56 69 53 78 67 
29: 63 79 13 15 49 52 37 17 68 57 7 10 35 56 69 1 78 65 6 
30: 63 79 13 15 49 52 37 17 68 57 7 10 35 56 69 1 78 67 
31: 63 79 13 15 49 52 37 17 68 57 7 10 35 56 69 53 78 65 6 
32: 63 79 13 15 49 52 37 17 68 57 7 10 35 56 69 53 78 67 
33: 63 79 13 15 49 52 37 11 12 57 5 10 33 56 69 1 78 65 6 
34: 63 79 13 15 49 52 37 11 12 57 5 10 33 56 69 1 78 67 
35: 63 79 13 15 49 52 37 11 12 57 5 10 33 56 69 53 78 65 6 
36: 63 79 13 15 49 52 37 11 12 57 5 10 33 56 69 53 78 67 
37: 63 79 13 15 49 52 37 11 12 57 5 10 35 56 69 1 78 65 6 
38: 63 79 13 15 49 52 37 11 12 57 5 10 35 56 69 1 78 67 
39: 63 79 13 15 49 52 37 11 12 57 5 10 35 56 69 53 78 65 6 
40: 63 79 13 15 49 52 37 11 12 57 5 10 35 56 69 53 78 67 
41: 63 79 13 15 49 52 37 11 12 57 7 10 33 56 69 1 78 65 6 
42: 63 79 13 15 49 52 37 11 12 57 7 10 33 56 69 1 78 67 
43: 63 79 13 15 49 52 37 11 12 57 7 10 33 56 69 53 78 65 6 
44: 63 79 13 15 49 52 37 11 12 57 7 10 33 56 69 53 78 67 
45: 63 79 13 15 49 52 37 11 12 57 7 10 35 56 69 1 78 65 6 
46: 63 79 13 15 49 52 37 11 12 57 7 10 35 56 69 1 78 67 
47: 63 79 13 15 49 52 37 11 12 57 7 10 35 56 69 53 78 65 6 
48: 63 79 13 15 49 52 37 11 12 57 7 10 35 56 69 53 78 67 
49: 63 79 13 15 49 36 28 17 68 57 5 10 33 56 69 1 78 65 6 
50: 63 79 13 15 49 36 28 17 68 57 5 10 33 56 69 1 78 67 
51: 63 79 13 15 49 36 28 17 68 57 5 10 33 56 69 53 78 65 6 
52: 63 79 13 15 49 36 28 17 68 57 5 10 33 56 69 53 78 67 
53: 63 79 13 15 49 36 28 17 68 57 5 10 35 56 69 1 78 65 6 
54: 63 79 13 15 49 36 28 17 68 57 5 10 35 56 69 1 78 67 
55: 63 79 13 15 49 36 28 17 68 57 5 10 35 56 69 53 78 65 6 
56: 63 79 13 15 49 36 28 17 68 57 5 10 35 56 69 53 78 67 
57: 63 79 13 15 49 36 28 17 68 57 7 10 33 56 69 1 78 65 6 
58: 63 79 13 15 49 36 28 17 68 57 7 10 33 56 69 1 78 67 
59: 63 79 13 15 49 36 28 17 68 57 7 10 33 56 69 53 78 65 6 
60: 63 79 13 15 49 36 28 17 68 57 7 10 33 56 69 53 78 67 
61: 63 79 13 15 49 36 28 17 68 57 7 10 35 56 69 1 78 65 6 
62: 63 79 13 15 49 36 28 17 68 57 7 10 35 56 69 1 78 67 
63: 63 79 13 15 49 36 28 17 68 57 7 10 35 56 69 53 78 65 6 
64: 63 79 13 15 49 36 28 17 68 57 7 10 35 56 69 53 78 67 
65: 63 79 13 15 49 36 37 17 68 57 5 10 33 56 69 1 78 65 6 
66: 63 79 13 15 49 36 37 17 68 57 5 10 33 56 69 1 78 67 
67: 63 79 13 15 49 36 37 17 68 57 5 10 33 56 69 53 78 65 6 
68: 63 79 13 15 49 36 37 17 68 57 5 10 33 56 69 53 78 67 
69: 63 79 13 15 49 36 37 17 68 57 5 10 35 56 69 1 78 65 6 
70: 63 79 13 15 49 36 37 17 68 57 5 10 35 56 69 1 78 67 
71: 63 79 13 15 49 36 37 17 68 57 5 10 35 56 69 53 78 65 6 
72: 63 79 13 15 49 36 37 17 68 57 5 10 35 56 69 53 78 67 
73: 63 79 13 15 49 36 37 17 68 57 7 10 33 56 69 1 78 65 6 
74: 63 79 13 15 49 36 37 17 68 57 7 10 33 56 69 1 78 67 
75: 63 79 13 15 49 36 37 17 68 57 7 10 33 56 69 53 78 65 6 
76: 63 79 13 15 49 36 37 17 68 57 7 10 33 56 69 53 78 67 
77: 63 79 13 15 49 36 37 17 68 57 7 10 35 56 69 1 78 65 6 
78: 63 79 13 15 49 36 37 17 68 57 7 10 35 56 69 1 78 67 
79: 63 79 13 15 49 36 37 17 68 57 7 10 35 56 69 53 78 65 6 
80: 63 79 13 15 49 36 37 17 68 57 7 10 35 56 69 53 78 67 
81: 63 79 13 15 49 36 37 11 12 57 5 10 33 56 69 1 78 65 6 
82: 63 79 13 15 49 36 37 11 12 57 5 10 33 56 69 1 78 67 
83: 63 79 13 15 49 36 37 11 12 57 5 10 33 56 69 53 78 65 6 
84: 63 79 13 15 49 36 37 11 12 57 5 10 33 56 69 53 78 67 
85: 63 79 13 15 49 36 37 11 12 57 5 10 35 56 69 1 78 65 6 
86: 63 79 13 15 49 36 37 11 12 57 5 10 35 56 69 1 78 67 
87: 63 79 13 15 49 36 37 11 12 57 5 10 35 56 69 53 78 65 6 
88: 63 79 13 15 49 36 37 11 12 57 5 10 35 56 69 53 78 67 
89: 63 79 13 15 49 36 37 11 12 57 7 10 33 56 69 1 78 65 6 
90: 63 79 13 15 49 36 37 11 12 57 7 10 33 56 69 1 78 67 
91: 63 79 13 15 49 36 37 11 12 57 7 10 33 56 69 53 78 65 6 
92: 63 79 13 15 49 36 37 11 12 57 7 10 33 56 69 53 78 67 
93: 63 79 13 15 49 36 37 11 12 57 7 10 35 56 69 1 78 65 6 
94: 63 79 13 15 49 36 37 11 12 57 7 10 35 56 69 1 78 67 
95: 63 79 13 15 49 36 37 11 12 57 7 10 35 56 69 53 78 65 6 
96: 63 79 13 15 49 36 37 11 12 57 7 10 35 56 69 53 78 67 
97: 63 79 13 15 32 52 28 17 68 57 5 10 33 56 69 1 78 65 6 
98: 63 79 13 15 32 52 28 17 68 57 5 10 33 56 69 1 78 67 
99: 63 79 13 15 32 52 28 17 68 57 5 10 33 56 69 53 78 65 6 
100: 63 79 13 15 32 52 28 17 68 57 5 10 33 56 69 53 78 67 
101: 63 79 13 15 32 52 28 17 68 57 5 10 35 56 69 1 78 65 6 
102: 63 79 13 15 32 52 28 17 68 57 5 10 35 56 69 1 78 67 
103: 63 79 13 15 32 52 28 17 68 57 5 10 35 56 69 53 78 65 6 
104: 63 79 13 15 32 52 28 17 68 57 5 10 35 56 69 53 78 67 
105: 63 79 13 15 32 52 28 17 68 57 7 10 33 56 69 1 78 65 6 
106: 63 79 13 15 32 52 28 17 68 57 7 10 33 56 69 1 78 67 
107: 63 79 13 15 32 52 28 17 68 57 7 10 33 56 69 53 78 65 6 
108: 63 79 13 15 32 52 28 17 68 57 7 10 33 56 69 53 78 67 
109: 63 79 13 15 32 52 28 17 68 57 7 10 35 56 69 1 78 65 6 
110: 63 79 13 15 32 52 28 17 68 57 7 10 35 56 69 1 78 67 
111: 63 79 13 15 32 52 28 17 68 57 7 10 35 56 69 53 78 65 6 
112: 63 79 13 15 32 52 28 17 68 57 7 10 35 56 69 53 78 67 
113: 63 79 13 15 32 52 37 17 68 57 5 10 33 56 69 1 78 65 6 
114: 63 79 13 15 32 52 37 17 68 57 5 10 33 56 69 1 78 67 
115: 63 79 13 15 32 52 37 17 68 57 5 10 33 56 69 53 78 65 6 
116: 63 79 13 15 32 52 37 17 68 57 5 10 33 56 69 53 78 67 
117: 63 79 13 15 32 52 37 17 68 57 5 10 35 56 69 1 78 65 6 
118: 63 79 13 15 32 52 37 17 68 57 5 10 35 56 69 1 78 67 
119: 63 79 13 15 32 52 37 17 68 57 5 10 35 56 69 53 78 65 6 
120: 63 79 13 15 32 52 37 17 68 57 5 10 35 56 69 53 78 67 
121: 63 79 13 15 32 52 37 17 68 57 7 10 33 56 69 1 78 65 6 
122: 63 79 13 15 32 52 37 17 68 57 7 10 33 56 69 1 78 67 
123: 63 79 13 15 32 52 37 17 68 57 7 10 33 56 69 53 78 65 6 
124: 63 79 13 15 32 52 37 17 68 57 7 10 33 56 69 53 78 67 
125: 63 79 13 15 32 52 37 17 68 57 7 10 35 56 69 1 78 65 6 
126: 63 79 13 15 32 52 37 17 68 57 7 10 35 56 69 1 78 67 
127: 63 79 13 15 32 52 37 17 68 57 7 10 35 56 69 53 78 65 6 
128: 63 79 13 15 32 52 37 17 68 57 7 10 35 56 69 53 78 67 
129: 63 79 13 15 32 52 37 11 12 57 5 10 33 56 69 1 78 65 6 
130: 63 79 13 15 32 52 37 11 12 57 5 10 33 56 69 1 78 67 
131: 63 79 13 15 32 52 37 11 12 57 5 10 33 56 69 53 78 65 6 
132: 63 79 13 15 32 52 37 11 12 57 5 10 33 56 69 53 78 67 
133: 63 79 13 15 32 52 37 11 12 57 5 10 35 56 69 1 78 65 6 
134: 63 79 13 15 32 52 37 11 12 57 5 10 35 56 69 1 78 67 
135: 63 79 13 15 32 52 37 11 12 57 5 10 35 56 69 53 78 65 6 
136: 63 79 13 15 32 52 37 11 12 57 5 10 35 56 69 53 78 67 
137: 63 79 13 15 32 52 37 11 12 57 7 10 33 56 69 1 78 65 6 
138: 63 79 13 15 32 52 37 11 12 57 7 10 33 56 69 1 78 67 
139: 63 79 13 15 32 52 37 11 12 57 7 10 33 56 69 53 78 65 6 
140: 63 79 13 15 32 52 37 11 12 57 7 10 33 56 69 53 78 67 
141: 63 79 13 15 32 52 37 11 12 57 7 10 35 56 69 1 78 65 6 
142: 63 79 13 15 32 52 37 11 12 57 7 10 35 56 69 1 78 67 
143: 63 79 13 15 32 52 37 11 12 57 7 10 35 56 69 53 78 65 6 
144: 63 79 13 15 32 52 37 11 12 57 7 10 35 56 69 53 78 67 
145: 63 79 13 15 32 36 28 17 68 57 5 10 33 56 69 1 78 65 6 
146: 63 79 13 15 32 36 28 17 68 57 5 10 33 56 69 1 78 67 
147: 63 79 13 15 32 36 28 17 68 57 5 10 33 56 69 53 78 65 6 
148: 63 79 13 15 32 36 28 17 68 57 5 10 33 56 69 53 78 67 
149: 63 79 13 15 32 36 28 17 68 57 5 10 35 56 69 1 78 65 6 
150: 63 79 13 15 32 36 28 17 68 57 5 10 35 56 69 1 78 67 
151: 63 79 13 15 32 36 28 17 68 57 5 10 35 56 69 53 78 65 6 
152: 63 79 13 15 32 36 28 17 68 57 5 10 35 56 69 53 78 67 
153: 63 79 13 15 32 36 28 17 68 57 7 10 33 56 69 1 78 65 6 
154: 63 79 13 15 32 36 28 17 68 57 7 10 33 56 69 1 78 67 
155: 63 79 13 15 32 36 28 17 68 57 7 10 33 56 69 53 78 65 6 
156: 63 79 13 15 32 36 28 17 68 57 7 10 33 56 69 53 78 67 
157: 63 79 13 15 32 36 28 17 68 57 7 10 35 56 69 1 78 65 6 
158: 63 79 13 15 32 36 28 17 68 57 7 10 35 56 69 1 78 67 
159: 63 79 13 15 32 36 28 17 68 57 7 10 35 56 69 53 78 65 6 
160: 63 79 13 15 32 36 28 17 68 57 7 10 35 56 69 53 78 67 
161: 63 79 13 15 32 36 37 17 68 57 5 10 33 56 69 1 78 65 6 
162: 63 79 13 15 32 36 37 17 68 57 5 10 33 56 69 1 78 67 
163: 63 79 13 15 32 36 37 17 68 57 5 10 33 56 69 53 78 65 6 
164: 63 79 13 15 32 36 37 17 68 57 5 10 33 56 69 53 78 67 
165: 63 79 13 15 32 36 37 17 68 57 5 10 35 56 69 1 78 65 6 
166: 63 79 13 15 32 36 37 17 68 57 5 10 35 56 69 1 78 67 
167: 63 79 13 15 32 36 37 17 68 57 5 10 35 56 69 53 78 65 6 
168: 63 79 13 15 32 36 37 17 68 57 5 10 35 56 69 53 78 67 
169: 63 79 13 15 32 36 37 17 68 57 7 10 33 56 69 1 78 65 6 
170: 63 79 13 15 32 36 37 17 68 57 7 10 33 56 69 1 78 67 
171: 63 79 13 15 32 36 37 17 68 57 7 10 33 56 69 53 78 65 6 
172: 63 79 13 15 32 36 37 17 68 57 7 10 33 56 69 53 78 67 
173: 63 79 13 15 32 36 37 17 68 57 7 10 35 56 69 1 78 65 6 
174: 63 79 13 15 32 36 37 17 68 57 7 10 35 56 69 1 78 67 
175: 63 79 13 15 32 36 37 17 68 57 7 10 35 56 69 53 78 65 6 
176: 63 79 13 15 32 36 37 17 68 57 7 10 35 56 69 53 78 67 
177: 63 79 13 15 32 36 37 11 12 57 5 10 33 56 69 1 78 65 6 
178: 63 79 13 15 32 36 37 11 12 57 5 10 33 56 69 1 78 67 
179: 63 79 13 15 32 36 37 11 12 57 5 10 33 56 69 53 78 65 6 
180: 63 79 13 15 32 36 37 11 12 57 5 10 33 56 69 53 78 67 
181: 63 79 13 15 32 36 37 11 12 57 5 10 35 56 69 1 78 65 6 
182: 63 79 13 15 32 36 37 11 12 57 5 10 35 56 69 1 78 67 
183: 63 79 13 15 32 36 37 11 12 57 5 10 35 56 69 53 78 65 6 
184: 63 79 13 15 32 36 37 11 12 57 5 10 35 56 69 53 78 67 
185: 63 79 13 15 32 36 37 11 12 57 7 10 33 56 69 1 78 65 6 
186: 63 79 13 15 32 36 37 11 12 57 7 10 33 56 69 1 78 67 
187: 63 79 13 15 32 36 37 11 12 57 7 10 33 56 69 53 78 65 6 
188: 63 79 13 15 32 36 37 11 12 57 7 10 33 56 69 53 78 67 
189: 63 79 13 15 32 36 37 11 12 57 7 10 35 56 69 1 78 65 6 
190: 63 79 13 15 32 36 37 11 12 57 7 10 35 56 69 1 78 67 
191: 63 79 13 15 32 36 37 11 12 57 7 10 35 56 69 53 78 65 6 
192: 63 79 13 15 32 36 37 11 12 57 7 10 35 56 69 53 78 67 

Task	EC	LC	Slack
1	26	26	0
2	4	16	12
3	4	23	19
4	1	7	6
5	17	17	0
6	30	30	0
7	17	17	0
8	5	30	25
9	22	26	4
10	19	19	0
11	13	13	0
12	14	14	0
13	6	6	0
14	6	28	22
15	7	7	0
16	9	28	19
17	12	12	0
18	2	14	12
19	10	14	4
20	21	26	5
21	18	19	1
22	25	30	5
23	16	20	4
24	14	18	4
25	1	4	3
26	19	23	4
27	6	10	4
28	11	11	0
29	8	28	20
30	17	22	5
31	19	23	4
32	8	8	0
33	20	20	0
34	2	23	21
35	20	20	0
36	10	10	0
37	11	11	0
38	12	16	4
39	4	8	4
40	11	15	4
41	10	30	20
42	23	24	1
43	13	18	5
44	6	10	4
45	11	30	19
46	8	12	4
47	8	12	4
48	8	27	19
49	8	8	0
50	16	30	14
51	1	2	1
52	10	10	0
53	26	26	0
54	18	22	4
55	6	25	19
56	22	22	0
57	16	16	0
58	1	14	13
59	20	25	5
60	21	22	1
61	2	30	28
62	1	20	19
63	2	2	0
64	21	25	4
65	29	29	0
66	24	28	4
67	30	30	0
68	14	14	0
69	24	24	0
70	27	28	1
71	2	29	27
72	8	30	22
73	3	8	5
74	3	22	19
75	26	30	4
76	9	29	20
77	2	6	4
78	28	28	0
79	4	4	0
80	16	20	4
