# Vertices: 30 Edges: 78
30 78
2 1 2 1 1 1 2 1 1 2 1 2 1 1 2 2 1 1 1 1 1 1 1 1 1 1 2 1 1 2 
1 3
1 11
1 6
2 15
2 19
2 23
3 25
3 24
3 21
4 26
4 28
4 5
5 10
5 2
5 20
6 25
6 24
6 21
7 26
7 28
7 5
8 26
8 28
8 5
9 17
9 13
9 12
10 15
10 19
10 23
11 24
11 21
12 7
12 4
12 8
13 7
13 4
13 8
15 14
15 18
16 3
16 11
16 6
17 7
17 4
17 8
19 14
19 29
19 18
20 15
20 19
20 23
21 22
21 30
21 9
22 17
22 13
22 12
23 14
23 29
23 18
24 22
24 30
24 9
25 22
25 30
26 10
26 2
26 20
27 3
27 11
27 6
28 10
28 2
28 20
30 17
30 13
30 12

_____________________________________________________________
Output:

17 17 54
1: 1 3 25 30 12 7 26 10 15 14 
2: 1 3 25 30 12 7 26 10 15 18 
3: 1 3 25 30 12 7 28 10 15 14 
4: 1 3 25 30 12 7 28 10 15 18 
5: 1 3 25 30 12 7 5 10 15 14 
6: 1 3 25 30 12 7 5 10 15 18 
7: 1 3 24 30 12 7 26 10 15 14 
8: 1 3 24 30 12 7 26 10 15 18 
9: 1 3 24 30 12 7 28 10 15 14 
10: 1 3 24 30 12 7 28 10 15 18 
11: 1 3 24 30 12 7 5 10 15 14 
12: 1 3 24 30 12 7 5 10 15 18 
13: 1 3 21 30 12 7 26 10 15 14 
14: 1 3 21 30 12 7 26 10 15 18 
15: 1 3 21 30 12 7 28 10 15 14 
16: 1 3 21 30 12 7 28 10 15 18 
17: 1 3 21 30 12 7 5 10 15 14 
18: 1 3 21 30 12 7 5 10 15 18 
19: 16 3 25 30 12 7 26 10 15 14 
20: 16 3 25 30 12 7 26 10 15 18 
21: 16 3 25 30 12 7 28 10 15 14 
22: 16 3 25 30 12 7 28 10 15 18 
23: 16 3 25 30 12 7 5 10 15 14 
24: 16 3 25 30 12 7 5 10 15 18 
25: 16 3 24 30 12 7 26 10 15 14 
26: 16 3 24 30 12 7 26 10 15 18 
27: 16 3 24 30 12 7 28 10 15 14 
28: 16 3 24 30 12 7 28 10 15 18 
29: 16 3 24 30 12 7 5 10 15 14 
30: 16 3 24 30 12 7 5 10 15 18 
31: 16 3 21 30 12 7 26 10 15 14 
32: 16 3 21 30 12 7 26 10 15 18 
33: 16 3 21 30 12 7 28 10 15 14 
34: 16 3 21 30 12 7 28 10 15 18 
35: 16 3 21 30 12 7 5 10 15 14 
36: 16 3 21 30 12 7 5 10 15 18 
37: 27 3 25 30 12 7 26 10 15 14 
38: 27 3 25 30 12 7 26 10 15 18 
39: 27 3 25 30 12 7 28 10 15 14 
40: 27 3 25 30 12 7 28 10 15 18 
41: 27 3 25 30 12 7 5 10 15 14 
42: 27 3 25 30 12 7 5 10 15 18 
43: 27 3 24 30 12 7 26 10 15 14 
44: 27 3 24 30 12 7 26 10 15 18 
45: 27 3 24 30 12 7 28 10 15 14 
46: 27 3 24 30 12 7 28 10 15 18 
47: 27 3 24 30 12 7 5 10 15 14 
48: 27 3 24 30 12 7 5 10 15 18 
49: 27 3 21 30 12 7 26 10 15 14 
50: 27 3 21 30 12 7 26 10 15 18 
51: 27 3 21 30 12 7 28 10 15 14 
52: 27 3 21 30 12 7 28 10 15 18 
53: 27 3 21 30 12 7 5 10 15 14 
54: 27 3 21 30 12 7 5 10 15 18 

Task	EC	LC	Slack
1	2	2	0
2	13	14	1
3	4	4	0
4	10	11	1
5	12	12	0
6	3	4	1
7	11	11	0
8	10	11	1
9	6	7	1
10	14	14	0
11	3	4	1
12	9	9	0
13	8	9	1
14	17	17	0
15	16	16	0
16	2	2	0
17	8	9	1
18	17	17	0
19	15	16	1
20	13	14	1
21	5	5	0
22	6	7	1
23	15	16	1
24	5	5	0
25	5	5	0
26	12	12	0
27	2	2	0
28	12	12	0
29	16	17	1
30	7	7	0
