# Vertices: 100 Edges: 300
100 300
18 7 4 15 19 1 18 3 8 9 16 3 15 7 2 5 10 16 7 5 6 18 4 8 9 20 19 8 1 14 4 6 17 1 6 3 15 17 17 18 10 1 15 16 4 17 10 2 8 11 15 20 1 16 17 20 20 13 8 17 17 17 8 17 3 15 9 10 19 5 13 8 18 12 19 9 8 19 19 3 18 16 11 8 15 10 1 20 19 20 14 19 1 19 8 18 3 7 11 15 
1 65
1 78
2 20
2 98
3 14
3 56
3 81
3 99
4 13
4 32
4 40
4 76
5 3
5 24
5 29
5 76
6 3
6 11
6 18
6 55
6 66
6 78
6 88
7 2
7 11
7 42
7 46
7 53
7 56
7 73
7 83
8 44
8 52
8 64
8 68
8 99
9 12
9 22
9 27
9 28
9 72
9 84
10 62
10 76
10 88
10 98
11 73
12 3
12 11
12 18
12 56
12 82
12 84
13 11
13 58
15 12
15 14
15 80
17 59
17 73
18 34
18 63
18 71
18 91
18 95
19 56
19 76
19 94
20 11
20 58
20 60
21 14
21 63
21 65
21 69
21 81
22 14
22 30
22 33
22 46
22 55
22 74
23 28
23 53
23 87
23 97
24 11
24 39
24 71
25 32
25 63
26 6
26 32
26 97
27 55
27 60
27 75
27 95
28 54
29 28
29 71
30 59
30 64
30 84
31 51
31 63
31 76
32 14
32 47
33 11
34 44
35 60
35 73
35 99
36 47
36 66
37 15
37 35
37 73
37 76
38 46
38 71
38 89
38 98
40 39
42 16
42 33
42 34
42 53
42 71
43 15
43 30
43 33
43 56
43 59
43 83
44 56
45 33
45 76
45 87
46 35
46 37
46 62
46 66
46 78
46 87
46 95
47 81
47 82
48 60
49 4
49 20
49 29
49 64
50 3
50 6
50 18
50 28
50 34
50 67
50 78
50 87
51 8
51 20
51 48
51 61
51 95
52 58
53 10
53 14
54 20
54 63
55 11
57 69
59 2
59 68
62 48
62 69
62 98
63 58
64 47
64 62
65 56
65 63
65 75
65 84
65 88
65 98
66 28
66 29
66 58
66 73
66 98
67 20
67 62
67 71
67 74
67 80
68 58
69 48
70 40
70 50
70 57
70 87
71 73
72 15
72 17
72 22
72 42
72 46
72 93
72 97
74 6
74 25
74 75
75 10
75 11
75 58
77 8
77 33
77 42
77 56
77 64
78 58
78 73
79 27
79 32
79 57
79 63
79 74
80 61
80 62
83 39
83 48
83 54
83 55
83 62
83 91
84 8
84 11
84 44
84 47
84 52
84 68
85 10
85 50
85 97
86 2
86 8
86 48
86 55
86 71
86 81
87 14
87 24
87 44
87 63
87 64
87 81
87 95
87 99
88 63
89 5
89 32
89 66
89 99
90 68
90 83
90 87
90 88
92 1
92 2
92 11
92 27
92 56
93 8
93 24
93 61
93 81
93 91
94 14
95 3
95 65
95 68
95 69
95 98
96 6
96 7
96 8
96 31
96 66
96 68
96 95
97 34
97 55
97 56
99 13
99 48
99 82
100 10

___________________________________________
Critical path length: 183
A critical path: 96 7 46 37 15 12 18 95 65 75 10 62 69 48 60 
Verified

Output:
183 18 2
1: 96 7 46 37 15 12 18 95 65 75 10 62 69 48 60 
2: 96 7 46 37 15 12 18 95 65 84 8 64 62 69 48 60 

Task	EC	LC	Slack
1	37	97	60
2	63	144	81
3	101	123	22
4	23	134	111
5	55	119	64
6	48	73	25
7	36	36	0
8	111	111	0
9	8	10	2
10	128	128	0
11	153	165	12
12	73	73	0
13	137	149	12
14	108	183	75
15	70	70	0
16	42	183	141
17	26	129	103
18	89	89	0
19	7	157	150
20	98	149	51
21	6	97	91
22	34	36	2
23	4	88	84
24	63	149	86
25	56	149	93
26	20	72	52
27	38	89	51
28	77	128	51
29	69	120	51
30	48	100	52
31	22	74	52
32	62	155	93
33	54	149	95
34	90	147	57
35	74	123	49
36	3	104	101
37	68	68	0
38	17	36	19
39	80	183	103
40	41	166	125
41	10	183	173
42	37	118	81
43	15	68	53
44	127	163	36
45	4	88	84
46	53	53	0
47	138	165	27
48	166	166	0
49	8	111	103
50	26	51	25
51	37	89	52
52	131	170	39
53	38	119	81
54	93	144	51
55	65	149	84
56	147	183	36
57	39	145	106
58	169	183	14
59	56	137	81
60	183	183	0
61	90	183	93
62	145	145	0
63	156	170	14
64	128	128	0
65	100	100	0
66	68	119	51
67	35	60	25
68	121	170	49
69	164	164	0
70	5	40	35
71	102	165	63
72	16	18	2
73	171	183	12
74	47	72	25
75	119	119	0
76	137	183	46
77	8	108	100
78	72	165	93
79	19	60	41
80	73	128	55
81	156	183	27
82	154	183	29
83	47	128	81
84	108	108	0
85	15	40	25
86	10	108	98
87	54	89	35
88	148	162	14
89	36	100	64
90	20	88	68
91	103	183	80
92	19	70	51
93	17	108	91
94	26	176	150
95	97	97	0
96	18	18	0
97	23	132	109
98	152	183	31
99	122	134	12
100	15	119	104
Time: 14 msec.
