# Vertices: 500 Edges: 6000
500 6000
2 8 18 19 6 6 3 20 1 16 20 6 8 3 17 8 7 4 11 12 15 12 8 19 19 5 10 4 6 18 8 18 13 7 5 1 19 4 3 10 3 20 11 19 17 11 1 15 18 16 6 18 5 5 2 2 3 6 8 4 19 13 16 2 3 5 17 7 17 2 20 10 17 3 17 1 4 7 5 5 1 6 17 18 8 1 6 4 17 13 2 16 2 12 7 19 1 10 7 14 9 11 1 19 4 19 10 12 11 16 15 12 18 4 7 12 2 10 13 4 13 14 10 20 2 17 1 3 6 7 3 9 15 9 18 5 11 11 1 17 4 2 15 2 12 8 17 5 17 4 5 4 16 6 14 15 2 9 2 15 7 7 20 5 18 6 19 20 18 15 11 3 13 9 19 2 20 13 7 12 7 13 12 19 5 16 14 14 15 11 11 11 6 10 11 17 12 11 12 19 14 12 7 3 20 16 20 12 9 19 16 6 5 15 1 17 1 8 16 4 18 1 18 3 18 13 20 6 8 7 6 20 15 17 10 5 6 13 15 7 11 11 17 19 11 15 16 10 7 19 18 10 1 9 5 20 20 15 10 19 9 20 11 14 3 18 8 16 4 14 15 1 11 20 5 6 9 5 9 14 15 12 8 19 17 4 7 4 15 12 6 17 1 16 9 17 8 12 13 9 12 11 4 17 13 10 18 8 11 1 17 17 14 7 16 12 14 1 12 8 12 8 15 11 18 16 19 17 6 10 4 3 7 2 10 11 3 18 10 8 17 6 14 19 7 4 12 13 8 6 16 17 5 4 11 10 13 12 13 6 20 16 6 3 8 1 1 11 3 3 9 11 2 10 10 20 11 12 4 1 19 1 15 1 17 11 4 6 10 20 11 4 2 6 14 12 5 6 9 9 1 5 16 12 12 15 4 20 13 18 5 12 2 3 14 14 13 5 18 6 6 15 2 19 5 9 17 2 1 3 15 1 20 16 19 19 2 17 16 7 1 14 11 7 3 20 8 18 12 6 6 10 7 10 12 19 16 16 15 3 19 16 6 11 16 17 18 18 15 10 18 5 8 5 10 10 5 4 4 15 19 19 4 15 17 9 15 9 11 15 7 13 13 15 14 15 2 2 12 19 
2 36
2 56
2 87
2 93
2 111
2 117
2 126
2 153
2 159
2 171
2 180
2 197
2 203
2 219
2 298
2 390
2 444
2 453
2 462
3 1
3 107
3 150
3 203
3 253
3 350
3 365
3 392
3 425
3 432
3 441
3 495
4 1
4 48
4 52
4 86
4 100
4 114
4 136
4 193
4 213
4 252
4 261
4 264
4 280
4 294
4 295
4 307
4 345
4 359
4 387
4 399
4 412
4 426
4 430
4 464
4 466
5 1
5 10
5 68
5 159
5 247
5 320
5 396
6 439
6 458
7 31
7 51
7 52
7 61
7 78
7 155
7 158
7 168
7 184
7 197
7 206
7 214
7 229
7 241
7 267
7 312
7 336
7 344
7 350
7 371
7 385
7 395
7 438
7 440
7 495
8 124
9 41
9 42
9 68
9 96
9 117
9 129
9 148
9 154
9 204
9 223
9 236
9 291
9 292
9 304
9 352
9 373
9 437
9 438
9 461
9 462
9 468
10 1
10 383
12 25
12 33
12 70
12 86
12 115
12 118
12 165
12 181
12 190
12 196
12 197
12 205
12 219
12 228
12 235
12 242
12 245
12 252
12 258
12 299
12 307
12 350
12 357
12 359
12 368
12 385
12 425
12 476
13 103
13 128
13 130
13 132
13 136
13 201
13 232
13 342
13 372
13 379
13 397
13 485
13 492
14 40
14 66
14 78
14 92
14 139
14 159
14 185
14 205
14 245
14 267
14 312
14 316
14 339
14 352
14 386
14 390
14 404
14 433
14 478
15 41
16 20
16 46
16 86
16 127
16 171
16 174
16 182
16 211
16 216
16 221
16 253
16 256
16 273
16 396
16 404
16 423
16 489
16 493
16 499
17 32
17 43
17 48
17 52
17 56
17 72
17 73
17 76
17 120
17 150
17 177
17 201
17 242
17 263
17 279
17 300
17 364
17 417
18 11
18 163
18 164
18 178
18 194
18 466
19 38
19 114
19 164
19 182
19 223
19 244
19 249
19 336
19 406
19 418
19 450
19 493
20 126
20 147
20 154
20 166
20 167
20 308
20 334
20 342
20 369
20 371
20 377
20 494
21 9
21 18
21 19
21 27
21 34
21 39
21 62
21 106
21 110
21 127
21 137
21 139
21 178
21 203
21 215
21 219
21 266
21 365
21 392
21 394
21 407
21 418
21 437
21 440
21 444
21 469
21 476
21 483
21 486
21 496
22 40
22 52
22 57
22 84
22 95
22 209
22 218
22 220
22 248
22 267
22 289
22 292
22 384
22 390
22 445
22 460
22 465
23 27
23 51
23 55
23 66
23 73
23 106
23 207
23 211
23 214
23 216
23 223
23 229
23 252
23 269
23 296
23 298
23 303
23 332
23 334
23 335
23 364
23 371
23 385
23 410
23 441
23 457
23 461
23 463
23 469
23 479
24 9
24 83
24 124
24 149
24 152
24 182
24 256
24 278
24 280
24 281
24 287
24 304
24 352
24 409
24 477
24 487
25 15
25 32
25 86
25 95
25 96
25 110
25 113
25 164
25 165
25 192
25 297
25 322
25 439
25 487
26 9
26 20
26 22
26 77
26 112
26 115
26 126
26 127
26 129
26 148
26 160
26 205
26 258
26 276
26 283
26 291
26 299
26 369
26 417
26 479
26 485
27 165
28 11
28 73
28 99
28 108
28 151
28 223
28 269
28 316
28 341
28 363
28 376
28 428
28 453
28 478
29 13
29 14
29 20
29 42
29 62
29 76
29 79
29 98
29 99
29 188
29 211
29 223
29 251
29 264
29 267
29 346
29 357
29 366
29 373
29 375
29 390
29 402
29 406
29 414
29 426
29 443
29 447
29 451
29 495
30 32
30 68
30 76
30 96
30 125
30 136
30 138
30 142
30 193
30 229
30 232
30 242
30 247
30 251
30 252
30 254
30 257
30 260
30 302
30 336
30 354
30 359
30 369
30 392
30 431
30 483
30 494
31 6
31 22
31 54
31 61
31 76
31 107
31 113
31 171
31 176
31 231
31 273
31 279
31 287
31 317
31 365
31 370
31 395
31 402
32 3
32 6
32 36
32 43
32 148
32 152
32 166
32 176
32 192
32 219
32 249
32 258
32 300
32 335
32 460
32 462
32 494
32 495
33 39
33 40
33 79
33 114
33 126
33 138
33 208
33 231
33 232
33 243
33 246
33 253
33 268
33 287
33 294
33 304
33 327
33 334
33 335
33 402
33 421
33 422
33 488
34 44
34 96
34 126
34 139
34 182
34 212
34 223
34 306
34 359
34 365
34 375
34 446
35 57
35 125
35 147
35 211
35 263
35 264
35 267
35 268
35 320
35 364
35 383
36 165
36 439
37 79
37 100
37 103
37 129
37 187
37 257
37 273
37 308
37 320
37 329
37 365
37 387
37 402
39 11
39 45
39 187
39 190
39 203
39 205
39 227
39 313
39 370
39 379
39 384
39 388
39 407
40 82
40 93
40 124
40 129
40 139
40 152
40 173
40 190
40 218
40 233
40 261
40 275
40 298
40 329
40 341
40 359
40 375
40 392
40 425
40 435
40 487
42 78
42 177
42 178
42 197
42 216
42 219
42 252
42 396
42 405
42 406
43 68
43 100
43 126
43 439
43 441
43 485
44 10
44 131
44 257
44 317
44 335
45 99
45 167
45 223
46 3
46 128
46 197
46 244
46 271
46 276
46 294
46 334
46 337
46 363
46 370
46 409
47 2
47 24
47 26
47 36
47 45
47 59
47 68
47 74
47 93
47 158
47 165
47 203
47 205
47 222
47 234
47 244
47 294
47 334
47 352
47 354
47 359
47 369
47 370
47 374
47 384
47 414
47 418
47 424
47 428
47 431
47 455
47 461
47 476
47 486
48 8
48 27
48 68
48 200
48 209
48 348
48 447
49 45
49 52
49 62
49 85
49 89
49 131
49 155
49 173
49 179
49 194
49 219
49 223
49 235
49 248
49 260
49 267
49 315
49 326
49 435
49 440
49 461
49 462
49 494
50 59
50 61
50 208
50 212
50 275
50 280
50 302
50 329
50 337
50 435
50 445
50 484
51 132
51 147
51 165
51 194
51 239
51 343
51 450
51 484
52 173
53 45
53 55
53 95
53 119
53 120
53 191
53 211
53 258
53 277
53 341
53 375
53 448
53 454
54 18
54 165
54 170
54 212
54 251
54 313
54 375
55 56
55 79
55 292
55 365
55 383
55 421
55 426
55 465
55 484
56 124
56 452
57 8
57 38
57 39
57 136
57 162
57 200
57 227
57 239
57 271
57 313
57 334
57 395
57 396
57 432
57 439
58 22
58 72
58 101
58 107
58 113
58 163
58 177
58 199
58 239
58 260
58 292
58 310
58 337
58 339
58 352
58 397
58 404
58 417
58 470
58 481
58 492
60 13
60 24
60 92
60 95
60 102
60 124
60 127
60 169
60 175
60 178
60 185
60 201
60 221
60 274
60 299
60 325
60 335
60 380
60 387
60 403
60 439
60 448
60 471
61 10
61 82
61 87
61 91
61 132
61 176
61 182
61 208
61 299
61 320
61 386
61 404
61 421
61 435
61 436
61 480
62 10
62 31
62 67
62 70
62 145
62 162
62 191
62 213
62 229
62 253
62 273
62 281
62 304
62 345
62 460
62 484
63 4
63 22
63 24
63 77
63 112
63 137
63 147
63 160
63 168
63 176
63 222
63 224
63 245
63 266
63 269
63 292
63 307
63 322
63 327
63 422
63 426
63 436
63 441
63 462
63 479
63 489
63 492
64 91
64 94
64 108
64 182
64 219
64 226
64 447
64 500
65 38
65 55
65 93
65 103
65 110
65 126
65 140
65 152
65 198
65 231
65 233
65 273
65 278
65 306
65 409
65 432
65 440
66 17
66 20
66 22
66 62
66 112
66 115
66 129
66 148
66 202
66 231
66 284
66 295
66 369
66 374
66 378
67 30
67 72
67 138
67 148
67 198
67 199
67 224
67 235
67 253
67 272
67 279
67 364
67 377
67 388
67 406
67 436
67 438
67 449
67 457
68 100
68 200
68 348
68 383
69 6
69 99
69 124
69 178
69 195
69 199
69 210
69 226
69 289
69 300
69 333
69 363
69 379
69 385
69 388
69 493
70 18
70 34
70 140
70 170
70 227
70 244
70 292
70 350
70 390
70 445
70 470
70 480
70 489
71 10
71 76
71 77
71 127
71 136
71 202
71 300
71 306
71 405
71 459
71 464
71 500
72 11
72 27
72 56
72 200
72 218
72 354
73 38
73 41
73 55
73 68
73 159
73 257
73 421
74 15
74 24
74 44
74 53
74 70
74 75
74 92
74 136
74 148
74 151
74 160
74 161
74 166
74 194
74 211
74 214
74 275
74 306
74 331
74 385
74 429
74 449
74 458
74 499
75 6
75 8
75 55
75 86
75 107
75 113
75 163
75 172
75 178
75 180
75 193
75 287
75 293
75 331
75 382
75 390
75 495
76 11
76 150
76 162
76 163
76 212
76 399
76 486
77 130
77 140
77 159
77 160
77 237
77 279
77 426
78 27
79 11
79 140
79 164
79 212
79 214
79 229
79 426
79 427
80 1
80 18
80 150
80 242
80 363
80 435
80 452
80 493
81 159
81 177
81 178
81 191
81 225
81 263
81 274
81 313
81 336
81 405
82 110
82 168
82 194
82 209
82 232
82 265
82 375
82 378
82 384
82 385
82 404
82 446
83 6
83 41
83 57
83 79
83 136
83 190
83 214
83 246
83 273
83 383
83 390
84 6
84 110
84 130
84 157
84 232
84 257
84 359
84 452
84 460
85 11
85 78
85 99
85 170
85 187
85 193
85 208
85 286
85 289
85 327
85 346
85 377
85 407
85 416
85 435
85 482
85 488
85 499
86 136
86 159
86 261
86 334
86 402
86 464
87 103
87 215
87 224
87 230
87 260
87 317
88 27
88 112
88 261
89 1
89 28
89 41
89 48
89 61
89 67
89 79
89 99
89 148
89 192
89 204
89 252
89 254
89 264
89 280
89 294
89 334
89 353
89 387
89 425
89 428
89 431
89 432
89 473
90 28
90 59
90 62
90 65
90 71
90 73
90 147
90 166
90 207
90 234
90 301
90 316
90 336
90 393
90 411
90 425
90 454
90 487
90 492
91 15
91 42
91 46
91 78
91 96
91 100
91 114
91 199
91 209
91 225
91 233
91 246
91 289
91 354
91 435
91 453
91 494
92 52
92 132
92 426
92 458
92 485
93 43
93 78
93 88
93 140
93 222
93 224
93 342
93 365
93 369
93 379
93 435
93 492
94 81
94 84
94 112
94 146
94 147
94 276
94 320
94 341
94 347
94 382
94 384
94 385
94 409
94 435
94 464
95 13
95 93
95 101
95 137
95 146
95 202
95 226
95 229
95 233
95 234
95 304
95 322
95 341
95 350
95 377
95 397
95 439
95 440
95 453
96 11
96 48
96 167
96 170
96 213
96 339
96 447
96 458
96 465
97 109
97 125
97 230
97 250
97 254
97 267
97 290
97 300
97 303
97 306
97 320
97 327
97 328
97 338
97 369
97 400
97 430
97 435
97 441
97 447
97 452
97 455
97 471
97 480
97 485
97 497
98 19
98 24
98 37
98 42
98 44
98 58
98 96
98 128
98 207
98 213
98 226
98 302
98 339
98 341
98 352
98 400
98 403
98 466
98 468
98 497
99 41
99 123
99 165
99 406
101 174
101 212
101 216
101 292
101 339
101 399
101 407
101 433
101 435
101 447
101 485
102 8
102 45
102 56
102 59
102 129
102 132
102 157
102 317
102 379
102 477
104 38
104 51
104 55
104 80
104 113
104 117
104 128
104 168
104 181
104 215
104 233
104 251
104 263
104 287
104 317
104 327
104 347
104 362
104 377
104 427
104 439
104 494
105 6
105 35
105 46
105 149
105 196
105 213
105 273
105 290
105 329
105 332
105 351
105 352
105 354
105 358
105 409
105 411
105 414
105 477
106 3
106 27
106 79
106 92
106 108
106 138
106 152
106 165
106 194
106 225
106 231
106 296
106 313
106 365
106 375
106 444
106 464
106 481
107 36
107 126
107 145
107 218
107 229
107 402
107 428
107 485
108 38
108 44
108 55
108 129
108 139
108 194
108 200
108 227
108 231
108 268
108 280
108 289
108 302
108 317
108 444
108 500
109 22
109 27
109 35
109 38
109 61
109 73
109 84
109 130
109 132
109 134
109 142
109 147
109 157
109 170
109 206
109 217
109 256
109 273
109 301
109 314
109 322
109 333
109 353
109 413
109 461
109 466
110 124
110 165
110 485
111 17
111 28
111 68
111 72
111 128
111 132
111 144
111 145
111 150
111 153
111 171
111 184
111 191
111 206
111 225
111 265
111 364
111 391
111 473
112 52
112 229
112 426
113 34
113 55
113 59
113 173
113 237
113 341
113 386
113 397
113 406
113 428
113 431
113 484
113 487
114 11
114 99
114 130
114 167
114 200
114 214
114 350
114 428
114 492
115 54
115 81
115 86
115 95
115 101
115 135
115 139
115 152
115 161
115 164
115 227
115 272
115 387
115 439
115 453
115 460
116 10
116 17
116 31
116 80
116 81
116 124
116 125
116 126
116 143
116 166
116 170
116 195
116 222
116 224
116 246
116 274
116 321
116 333
116 358
116 363
116 411
116 425
116 447
116 463
116 486
117 19
117 78
117 84
117 100
117 101
117 148
117 181
117 193
117 225
117 230
117 232
117 263
117 286
117 292
117 404
117 439
117 447
117 458
118 148
118 232
118 249
118 258
118 341
118 369
118 382
119 102
119 112
119 115
119 147
119 163
119 168
119 199
119 201
119 202
119 246
119 268
119 278
119 281
119 305
119 347
119 423
119 431
119 474
119 487
119 493
120 112
120 123
120 124
120 224
120 225
120 342
120 485
121 20
121 43
121 102
121 126
121 133
121 158
121 192
121 213
121 245
121 254
121 258
121 316
121 319
121 387
121 425
121 481
122 22
122 42
122 64
122 70
122 113
122 159
122 162
122 164
122 190
122 191
122 205
122 206
122 220
122 257
122 291
122 295
122 296
122 305
122 322
122 363
122 388
122 395
122 426
122 431
122 445
122 456
123 369
123 458
124 103
125 43
125 45
125 68
125 96
125 150
125 151
125 214
125 273
125 299
125 313
125 371
125 402
125 489
125 493
126 92
126 136
126 163
127 1
127 56
127 102
127 237
127 441
128 3
128 59
128 200
128 224
128 243
128 260
128 265
128 306
128 308
128 316
128 363
128 462
128 477
128 486
129 11
129 178
129 200
129 350
130 148
130 213
130 348
131 88
131 145
131 306
131 330
131 348
131 359
131 377
131 465
132 124
132 148
132 320
132 354
132 452
133 14
133 32
133 45
133 59
133 60
133 74
133 76
133 144
133 169
133 180
133 182
133 185
133 219
133 318
133 322
133 345
133 353
133 434
133 437
133 467
133 485
134 102
134 122
134 149
134 190
134 200
134 203
134 205
134 223
134 260
134 302
134 333
134 358
134 364
134 395
134 421
134 486
135 5
135 39
135 54
135 126
135 173
135 176
135 179
135 214
135 248
135 287
135 289
135 383
135 427
135 450
135 494
136 132
136 261
136 433
137 10
137 18
137 92
137 103
137 232
137 347
137 379
137 439
137 469
138 22
138 139
138 144
138 150
138 191
138 198
138 237
138 267
138 277
138 330
138 421
138 433
138 460
138 486
138 500
139 6
139 88
139 231
139 268
139 339
139 354
139 370
139 379
139 387
139 427
140 124
140 148
140 174
140 348
140 383
141 39
141 41
141 45
141 101
141 129
141 149
141 168
141 171
141 191
141 194
141 222
141 234
141 284
141 306
141 308
141 317
141 322
141 326
141 327
141 336
141 337
141 351
141 368
141 416
141 432
141 434
141 456
142 68
142 101
142 124
142 179
142 237
142 248
142 249
142 267
142 332
142 345
142 423
142 465
142 473
142 480
143 27
143 46
143 66
143 77
143 101
143 103
143 150
143 153
143 161
143 248
143 257
143 291
143 384
143 388
143 405
143 413
143 418
143 435
143 446
143 465
143 476
144 11
144 107
144 176
144 214
144 239
144 252
144 302
144 399
144 463
144 464
145 193
145 485
146 45
146 120
146 216
146 267
146 306
146 317
146 342
146 425
146 494
147 174
147 190
147 218
147 410
148 15
148 78
148 213
149 48
149 56
149 168
149 171
149 173
149 225
149 255
149 322
149 336
149 348
149 397
149 407
149 443
151 18
151 55
151 218
151 375
151 495
152 45
152 68
152 93
152 107
152 127
152 176
152 179
152 182
152 203
152 227
152 237
152 267
152 302
152 330
152 334
152 337
152 348
152 371
152 428
152 446
152 484
153 27
153 72
153 80
153 190
153 193
153 199
153 271
153 313
153 396
153 405
154 18
154 107
154 208
154 407
154 410
155 2
155 46
155 48
155 114
155 154
155 221
155 240
155 252
155 256
155 259
155 287
155 303
155 376
155 441
155 447
156 3
156 23
156 24
156 63
156 74
156 129
156 158
156 166
156 168
156 202
156 235
156 264
156 275
156 279
156 300
156 302
156 307
156 312
156 331
156 351
156 411
156 455
156 456
156 488
156 497
157 350
157 369
158 22
158 36
158 44
158 145
158 149
158 234
158 257
158 281
158 299
158 319
158 339
158 358
158 366
158 391
158 400
158 436
158 440
158 474
159 18
159 41
159 163
159 164
159 212
159 334
159 402
160 18
160 130
160 194
160 232
160 432
160 458
161 30
161 72
161 77
161 79
161 86
161 137
161 195
161 251
161 288
161 312
161 335
161 358
161 397
161 418
161 431
161 439
161 449
162 79
162 99
162 214
162 370
162 447
165 439
166 167
166 375
166 390
166 425
166 460
167 173
167 466
168 27
168 44
168 77
168 192
168 206
168 244
168 247
168 294
168 336
168 433
168 453
168 463
168 486
168 492
169 2
169 9
169 18
169 27
169 38
169 67
169 111
169 134
169 140
169 146
169 149
169 179
169 234
169 254
169 297
169 299
169 306
169 351
169 412
169 418
169 423
169 445
169 452
170 41
170 59
170 100
170 339
170 421
171 20
171 42
171 93
171 147
171 160
171 244
171 337
171 405
171 477
172 1
172 8
172 57
172 107
172 162
172 212
172 214
172 224
172 243
172 258
172 271
172 297
172 377
172 392
172 433
172 460
172 478
173 27
173 466
174 145
174 320
174 458
175 8
175 14
175 54
175 73
175 79
175 114
175 126
175 166
175 249
175 281
175 288
175 364
175 369
175 395
175 398
175 422
175 456
175 466
176 38
176 43
176 226
176 243
176 329
176 354
176 392
176 441
177 18
177 45
177 59
177 112
177 132
177 190
177 227
177 329
177 369
177 453
177 492
179 132
179 390
179 399
179 485
180 8
180 32
180 37
180 51
180 57
180 81
180 94
180 110
180 124
180 153
180 207
180 219
180 268
180 329
180 384
180 399
180 464
180 473
180 488
181 1
181 37
181 83
181 108
181 114
181 129
181 145
181 153
181 342
181 380
181 437
181 463
182 52
182 124
182 376
182 426
182 465
182 477
183 14
183 40
183 43
183 114
183 130
183 189
183 213
183 217
183 228
183 242
183 269
183 286
183 309
183 330
183 343
183 350
183 373
183 397
183 427
183 498
184 27
184 39
184 87
184 125
184 137
184 157
184 259
184 304
184 330
184 336
184 363
184 369
184 382
184 387
184 417
184 478
185 39
185 44
185 58
185 72
185 92
185 167
185 168
185 170
185 181
185 243
185 246
185 254
185 269
185 316
185 331
185 358
185 477
185 486
185 495
186 6
186 40
186 90
186 97
186 102
186 107
186 111
186 118
186 134
186 136
186 195
186 212
186 254
186 285
186 298
186 347
186 370
186 383
186 399
186 417
186 421
186 454
186 467
186 484
187 18
187 166
187 176
187 253
187 390
187 450
187 494
187 495
188 68
188 79
188 135
188 148
188 150
188 153
188 192
188 200
188 205
188 231
188 306
188 399
188 428
188 435
188 441
189 19
189 57
189 73
189 77
189 99
189 137
189 289
189 291
189 343
189 376
189 380
189 386
189 391
189 395
189 425
189 433
189 445
189 468
189 496
190 1
190 164
191 84
191 140
191 200
191 203
191 231
191 332
191 335
191 395
191 397
191 452
191 493
192 18
192 123
192 163
192 223
192 387
192 402
192 432
192 485
192 486
193 124
193 439
194 190
194 432
195 8
195 27
195 177
195 193
195 202
195 247
195 257
195 459
195 465
195 469
195 477
196 28
196 30
196 36
196 75
196 92
196 125
196 132
196 136
196 161
196 201
196 210
196 211
196 212
196 229
196 241
196 242
196 272
196 300
196 325
196 380
196 387
196 389
196 460
196 467
196 478
196 493
197 8
197 126
197 132
197 225
197 243
197 334
197 339
197 342
197 347
198 48
198 126
198 178
198 179
198 265
198 269
198 330
198 397
198 431
198 433
198 452
198 453
199 56
199 127
199 165
199 168
199 233
199 251
199 257
199 273
199 275
199 279
199 384
199 416
199 427
199 431
199 492
200 148
200 190
200 421
201 41
201 124
201 131
201 139
201 150
201 159
201 165
201 197
201 226
201 310
201 371
201 450
201 480
201 483
202 54
202 139
202 144
202 200
202 212
202 246
202 287
202 289
202 397
202 427
202 438
202 439
202 443
203 45
203 140
203 173
203 209
203 406
203 432
203 485
204 3
204 46
204 50
204 64
204 135
204 172
204 201
204 206
204 234
204 239
204 352
204 388
204 423
204 497
205 170
205 173
205 190
205 203
205 248
205 330
205 345
205 365
206 11
206 92
206 148
206 157
206 178
206 192
206 209
206 231
206 279
206 343
206 447
206 485
206 493
207 8
207 81
207 86
207 193
207 231
207 261
207 337
207 386
207 421
207 437
207 438
207 441
207 460
207 480
208 15
208 365
208 369
208 383
208 428
208 439
208 466
209 145
209 164
209 208
209 226
209 232
210 34
210 39
210 42
210 89
210 138
210 160
210 213
210 216
210 229
210 277
210 278
210 324
210 325
210 327
210 384
210 399
210 407
210 424
210 431
210 474
210 498
211 57
211 95
211 135
211 137
211 142
211 181
211 188
211 202
211 234
211 264
211 269
211 286
211 308
211 316
211 331
211 371
211 382
211 392
211 429
211 445
211 452
212 27
212 164
212 214
215 41
215 159
215 170
215 193
215 208
215 212
215 218
215 243
215 313
215 354
215 396
215 400
216 5
216 140
216 178
216 268
216 279
216 330
216 402
216 441
217 28
217 39
217 46
217 51
217 65
217 76
217 91
217 96
217 134
217 159
217 163
217 210
217 214
217 255
217 266
217 267
217 301
217 354
217 396
217 401
217 444
218 10
218 36
218 52
218 167
218 173
218 193
218 194
218 350
218 402
218 466
219 123
219 139
219 243
219 261
219 337
219 365
219 375
219 406
219 425
219 494
220 20
220 52
220 93
220 197
220 201
220 218
220 233
220 243
220 313
220 341
220 354
220 377
220 378
220 397
220 441
220 458
221 6
221 19
221 68
221 117
221 211
221 214
221 244
221 401
221 427
221 448
222 36
222 103
222 164
222 279
222 359
223 123
223 124
223 229
223 433
224 15
224 36
224 112
224 190
224 350
225 110
225 136
225 163
225 178
225 213
225 229
225 347
225 427
225 465
226 1
226 452
226 466
227 18
227 137
227 146
227 170
227 406
227 446
227 463
228 4
228 31
228 52
228 89
228 106
228 114
228 122
228 140
228 194
228 199
228 202
228 220
228 223
228 229
228 239
228 264
228 286
228 304
228 320
228 351
228 355
228 358
228 369
228 377
228 384
228 416
228 442
228 460
228 464
229 6
229 10
229 103
229 130
229 178
229 406
229 421
230 38
230 170
230 173
230 194
230 379
231 129
231 157
231 215
231 225
231 342
231 376
231 439
231 452
232 178
232 214
233 27
233 249
233 251
233 341
233 342
233 359
233 396
233 426
233 432
234 3
234 8
234 52
234 101
234 164
234 165
234 274
234 279
234 286
234 308
234 369
234 395
234 407
234 432
234 494
235 44
235 96
235 123
235 124
235 149
235 154
235 179
235 195
235 252
235 280
235 302
235 350
235 354
235 382
235 396
235 427
235 429
235 449
235 454
235 458
235 468
236 107
236 135
236 159
236 164
236 273
236 302
236 363
236 384
236 406
236 441
236 462
237 212
237 320
237 402
237 432
237 485
238 6
238 35
238 37
238 40
238 46
238 49
238 54
238 79
238 102
238 132
238 137
238 166
238 218
238 220
238 264
238 308
238 313
238 319
238 335
238 360
238 393
238 445
239 79
239 193
239 194
239 200
239 209
239 213
239 330
239 406
239 432
240 68
240 72
240 82
240 83
240 84
240 102
240 114
240 142
240 264
240 265
240 287
240 305
240 327
240 426
240 431
240 446
240 485
241 8
241 9
241 18
241 36
241 61
241 77
241 82
241 125
241 165
241 201
241 235
241 244
241 246
241 263
241 275
241 293
241 317
241 346
241 354
241 374
241 378
241 382
241 468
241 473
242 36
242 43
242 54
242 145
242 193
242 209
242 299
242 350
242 359
242 375
242 387
242 395
243 229
244 27
244 99
244 162
244 182
244 194
244 226
244 329
244 384
245 71
245 140
245 173
245 214
245 225
245 260
245 268
245 313
245 392
245 435
246 1
246 77
246 87
246 137
246 146
246 229
246 257
246 292
246 395
246 406
246 466
247 213
247 370
248 129
248 132
248 136
248 332
248 334
248 396
248 407
249 131
249 179
249 273
249 377
249 426
250 50
250 54
250 99
250 120
250 153
250 170
250 172
250 188
250 200
250 374
250 399
250 422
250 427
250 463
250 465
250 473
250 495
250 496
251 15
251 99
251 136
251 174
251 358
251 460
252 43
252 100
252 107
252 191
252 212
252 263
252 359
252 369
252 466
252 486
253 45
253 101
253 148
253 231
253 247
253 342
253 371
253 421
253 452
253 495
254 3
254 43
254 46
254 65
254 78
254 103
254 146
254 160
254 174
254 224
254 226
254 257
254 337
254 342
254 396
254 464
254 492
255 34
255 36
255 92
255 137
255 178
255 179
255 260
255 289
255 329
255 390
255 465
256 10
256 30
256 52
256 70
256 108
256 130
256 149
256 226
256 252
256 280
256 359
256 410
256 416
256 470
256 496
257 15
257 212
258 125
258 145
258 157
258 224
258 227
258 274
258 313
258 317
258 384
258 425
258 445
258 459
258 485
259 45
259 88
259 212
259 237
259 246
259 297
259 345
259 347
259 350
259 375
259 396
259 431
259 464
260 164
260 218
260 223
260 243
260 350
260 365
261 68
261 99
261 124
261 200
261 232
261 439
261 492
262 11
262 35
262 52
262 76
262 130
262 161
262 172
262 198
262 212
262 249
262 296
262 303
262 324
262 346
262 386
262 401
262 402
262 411
262 490
263 1
263 162
263 165
263 170
263 193
263 223
263 239
263 251
263 310
263 343
263 375
264 10
264 34
264 43
264 46
264 72
264 93
264 96
264 137
264 144
264 218
264 219
264 225
264 253
264 300
264 306
264 330
264 345
264 377
264 382
264 383
264 388
264 405
264 453
264 469
264 489
265 140
265 163
265 225
265 337
265 342
265 345
265 370
266 42
266 73
266 81
266 124
266 136
266 162
266 170
266 179
266 188
266 231
266 260
266 293
266 310
266 316
266 327
266 374
266 388
266 400
267 6
267 36
267 79
267 100
267 342
267 348
267 392
268 11
268 173
268 243
268 400
268 427
269 3
269 72
269 93
269 101
269 168
269 226
269 227
269 369
270 43
270 102
270 177
270 192
270 210
270 228
270 263
270 305
270 400
270 429
270 433
270 434
270 485
271 54
271 86
271 132
271 148
271 176
271 227
271 253
271 322
271 347
271 390
271 432
271 465
272 11
272 55
272 93
272 101
272 124
272 139
272 162
272 234
272 236
272 337
272 343
272 345
272 363
272 372
272 400
272 402
272 445
272 452
272 459
273 15
273 59
273 79
273 123
273 229
273 495
274 8
274 54
274 110
274 132
274 226
274 239
274 243
274 247
274 299
274 313
274 320
274 410
274 443
274 458
275 6
275 190
275 243
275 365
275 379
276 5
276 6
276 41
276 70
276 132
276 151
276 215
276 267
276 339
276 343
276 385
276 396
276 432
277 6
277 37
277 79
277 114
277 151
277 178
277 218
277 219
277 239
277 247
277 388
277 404
277 427
277 443
277 487
278 59
278 91
278 102
278 165
278 209
278 253
278 289
278 297
278 308
278 339
278 352
278 354
278 369
278 469
279 6
279 68
279 402
280 118
280 129
280 145
280 146
280 171
280 173
280 232
280 277
280 339
280 379
280 390
280 429
280 484
281 1
281 28
281 41
281 44
281 50
281 92
281 162
281 178
281 184
281 188
281 216
281 302
281 379
281 401
281 431
282 8
282 48
282 100
282 105
282 152
282 157
282 164
282 167
282 183
282 194
282 199
282 215
282 236
282 244
282 249
282 250
282 252
282 315
282 400
282 418
282 460
282 467
282 484
283 30
283 33
283 81
283 86
283 96
283 126
283 142
283 162
283 187
283 209
283 259
283 278
283 301
283 309
283 316
283 359
283 422
283 430
283 435
283 478
283 484
284 8
284 11
284 68
284 107
284 144
284 154
284 188
284 208
284 218
284 273
284 277
284 342
284 371
284 377
284 401
284 405
284 444
284 457
284 480
284 484
285 31
285 94
285 151
285 169
285 192
285 245
285 250
285 326
285 359
285 387
285 389
285 401
285 407
285 427
285 428
285 429
285 437
285 458
285 468
286 68
286 93
286 131
286 157
286 176
286 213
286 214
286 343
286 345
286 347
286 353
286 428
286 465
287 36
287 100
287 150
287 176
287 190
287 263
287 306
287 427
288 48
288 87
288 118
288 120
288 130
288 145
288 150
288 182
288 218
288 249
288 276
288 280
288 339
288 404
288 437
288 440
288 455
288 465
288 466
288 473
288 494
288 496
289 399
289 406
289 410
289 425
289 452
289 453
289 485
290 9
290 44
290 68
290 103
290 128
290 160
290 202
290 251
290 269
290 271
290 283
290 303
290 396
290 406
290 440
290 478
291 27
291 56
291 81
291 142
291 166
291 170
291 179
291 199
291 209
291 247
291 249
291 277
291 296
291 365
291 392
291 440
291 469
292 447
293 72
293 73
293 81
293 202
293 231
293 274
293 325
293 367
293 382
293 396
293 399
293 432
293 447
294 5
294 11
294 51
294 132
294 160
294 219
294 222
294 253
294 376
294 402
294 459
294 464
294 492
295 25
295 40
295 93
295 94
295 114
295 154
295 166
295 194
295 254
295 261
295 308
295 342
295 376
295 391
295 416
295 428
295 429
295 487
296 77
296 153
296 179
296 202
296 233
296 267
296 280
296 327
296 330
296 416
296 464
296 483
297 15
297 36
297 37
297 41
297 57
297 70
297 100
297 103
297 170
297 182
297 194
297 251
297 263
297 268
297 279
297 289
297 306
297 308
297 316
297 339
297 358
297 379
297 453
297 470
298 10
298 96
298 101
298 150
298 163
298 165
298 212
298 232
298 251
298 313
298 395
299 147
299 322
299 358
299 406
300 77
300 215
300 216
300 219
300 261
300 267
300 388
300 443
301 8
301 10
301 18
301 73
301 86
301 120
301 140
301 194
301 198
301 199
301 244
301 251
301 263
301 317
301 337
301 342
301 350
301 359
301 376
301 430
301 446
301 461
301 478
302 55
302 103
302 126
302 140
302 205
302 275
302 335
302 353
302 399
302 447
303 6
303 22
303 54
303 64
303 70
303 86
303 110
303 129
303 248
303 264
303 271
303 284
303 294
303 299
303 319
303 343
303 384
303 457
303 473
304 5
304 112
304 131
304 166
304 271
304 306
304 310
304 382
304 396
304 435
304 466
305 8
305 201
305 202
305 203
305 213
305 267
305 294
305 308
305 343
305 379
305 380
305 404
305 406
305 437
305 447
305 454
305 464
305 470
306 464
307 34
307 40
307 64
307 70
307 165
307 171
307 177
307 200
307 208
307 263
307 273
307 302
307 327
307 364
307 371
307 436
307 464
307 480
308 8
308 72
308 159
308 224
308 446
308 460
309 45
309 56
309 61
309 73
309 91
309 93
309 112
309 126
309 131
309 150
309 157
309 198
309 200
309 215
309 223
309 299
309 310
309 320
309 350
309 359
309 367
309 480
310 130
310 159
310 253
310 268
310 335
310 369
310 383
310 384
310 390
310 466
310 486
311 13
311 27
311 42
311 64
311 68
311 80
311 102
311 110
311 142
311 155
311 190
311 200
311 227
311 256
311 283
311 303
311 309
311 334
311 411
311 453
312 42
312 87
312 110
312 120
312 130
312 135
312 144
312 163
312 173
312 179
312 184
312 202
312 225
312 233
312 244
312 258
312 278
312 300
312 350
312 392
312 396
312 405
312 426
312 435
312 495
313 41
313 52
313 213
313 243
314 6
314 94
314 157
314 170
314 171
314 182
314 312
314 316
314 327
314 342
314 372
314 421
314 441
315 33
315 64
315 73
315 161
315 171
315 172
315 216
315 219
315 293
315 314
315 329
315 347
315 363
315 392
315 396
315 402
315 406
315 412
315 431
315 443
315 455
315 458
316 1
316 6
316 107
316 148
316 226
316 229
316 485
317 123
317 148
317 165
317 208
317 223
317 243
317 383
317 464
318 34
318 41
318 54
318 56
318 99
318 102
318 111
318 157
318 172
318 200
318 258
318 317
318 348
318 365
318 457
319 33
319 51
319 110
319 117
319 144
319 163
319 200
319 216
319 229
319 258
319 263
319 309
319 385
319 388
319 444
319 447
319 468
319 480
319 494
319 500
320 148
321 23
321 64
321 113
321 169
321 213
321 225
321 298
321 327
321 345
321 376
321 385
321 386
321 405
321 406
321 462
321 463
321 466
322 44
322 103
322 145
322 159
322 230
322 279
322 369
322 392
322 469
323 33
323 68
323 107
323 134
323 171
323 237
323 271
323 310
323 355
323 413
323 417
323 436
323 485
323 486
323 500
324 42
324 48
324 59
324 76
324 106
324 123
324 136
324 167
324 219
324 253
324 254
324 258
324 261
324 263
324 269
324 284
324 294
324 377
324 390
324 397
324 426
324 448
324 485
324 497
325 70
325 103
325 164
325 192
325 208
325 299
325 312
325 374
325 416
325 422
325 438
325 452
325 455
326 18
326 31
326 37
326 72
326 87
326 100
326 142
326 159
326 187
326 199
326 207
326 218
326 297
326 300
326 339
326 377
326 380
326 486
326 495
327 6
327 22
327 36
327 58
327 72
327 87
327 88
327 94
327 100
327 203
327 292
327 300
327 379
327 384
327 409
327 459
327 470
328 8
328 200
328 251
328 292
328 341
328 359
328 384
328 433
328 439
328 493
329 103
329 354
330 86
330 167
330 178
330 223
331 70
331 142
331 154
331 173
331 207
331 231
331 232
331 269
331 278
331 288
331 341
331 365
331 370
331 375
331 448
331 462
332 56
332 147
332 148
332 173
332 190
332 208
332 260
332 320
332 371
332 377
332 400
332 426
332 486
333 6
333 64
333 76
333 111
333 130
333 142
333 152
333 176
333 201
333 208
333 209
333 211
333 226
333 248
333 279
333 345
333 365
333 378
333 392
333 421
333 427
333 431
333 469
333 483
333 486
333 500
334 56
334 123
334 164
334 208
335 77
335 129
335 148
335 170
335 261
335 383
335 396
336 88
336 209
336 387
336 402
337 6
337 38
337 84
337 99
337 239
337 243
337 260
337 358
337 399
338 22
338 33
338 35
338 39
338 58
338 65
338 80
338 119
338 123
338 142
338 143
338 148
338 174
338 180
338 226
338 234
338 252
338 324
338 329
338 385
338 393
338 402
338 428
338 440
338 461
338 486
338 490
339 11
339 18
339 428
340 35
340 42
340 43
340 73
340 87
340 127
340 152
340 189
340 193
340 203
340 211
340 218
340 222
340 261
340 341
340 346
340 352
340 379
340 389
340 421
340 426
340 447
340 488
341 52
341 103
341 110
341 194
341 200
341 224
341 334
341 347
341 348
341 365
341 446
341 447
341 458
341 466
341 484
342 36
342 359
342 370
343 77
343 114
343 126
343 170
343 174
343 237
343 261
343 421
343 425
343 427
343 492
344 98
344 111
344 148
344 152
344 193
344 198
344 208
344 212
344 218
344 221
344 236
344 256
344 341
344 347
344 354
344 362
344 437
344 467
344 470
345 10
345 20
345 56
345 77
345 102
345 123
345 130
345 223
345 230
345 332
345 458
345 492
346 11
346 15
346 106
346 128
346 139
346 149
346 164
346 184
346 203
346 239
346 293
346 299
346 306
346 309
346 354
346 374
346 392
346 463
347 112
349 1
349 11
349 32
349 112
349 123
349 135
349 182
349 194
349 195
349 225
349 244
349 265
349 295
349 325
349 359
349 365
349 371
349 376
349 380
349 392
349 450
349 482
350 36
350 124
350 292
351 2
351 13
351 20
351 22
351 31
351 37
351 38
351 64
351 142
351 187
351 188
351 208
351 255
351 259
351 265
351 275
351 277
351 280
351 301
351 322
351 339
351 396
351 433
351 439
351 445
351 457
351 499
352 36
352 147
352 198
352 226
352 244
352 294
352 395
352 446
352 453
352 466
352 469
352 477
353 112
353 120
353 136
353 137
353 151
353 193
353 216
353 244
353 320
353 370
353 377
354 213
355 6
355 44
355 58
355 118
355 135
355 159
355 172
355 210
355 216
355 242
355 260
355 266
355 295
355 345
355 426
355 449
355 480
355 483
355 499
356 1
356 21
356 31
356 72
356 73
356 78
356 79
356 83
356 106
356 149
356 152
356 213
356 250
356 255
356 289
356 308
356 330
356 344
356 375
356 419
356 423
356 433
356 456
356 465
356 472
356 490
357 15
357 18
357 23
357 31
357 50
357 63
357 66
357 87
357 107
357 135
357 147
357 148
357 196
357 204
357 209
357 216
357 243
357 312
357 320
357 325
357 363
357 400
357 440
357 455
358 45
358 68
358 320
358 402
358 452
359 78
359 320
359 433
360 4
360 8
360 32
360 87
360 136
360 203
360 229
360 262
360 305
360 323
360 330
360 366
360 370
360 385
361 36
361 39
361 107
361 148
361 186
361 200
361 210
361 230
361 301
361 355
361 370
361 374
361 394
361 434
361 442
361 444
361 482
361 484
362 2
362 9
362 40
362 76
362 106
362 135
362 140
362 148
362 178
362 359
362 378
362 384
362 400
362 402
362 406
362 410
362 417
362 462
363 51
363 110
363 146
363 162
363 171
363 233
363 251
363 308
363 313
363 405
363 425
363 432
363 439
363 444
364 18
364 92
364 126
364 128
364 212
364 216
364 287
364 306
364 402
364 433
364 444
365 1
365 10
365 173
365 200
366 11
366 19
366 95
366 137
366 139
366 149
366 159
366 171
366 190
366 206
366 234
366 235
366 257
366 289
366 313
366 335
366 377
366 378
366 418
366 453
367 5
367 84
367 96
367 103
367 177
367 230
367 251
367 302
367 341
367 359
367 396
367 487
368 40
368 70
368 73
368 89
368 126
368 151
368 157
368 159
368 189
368 190
368 210
368 237
368 240
368 254
368 354
368 378
368 402
368 417
368 437
368 444
368 448
368 454
368 457
368 493
369 1
369 213
369 485
370 38
370 59
370 159
370 208
370 224
370 279
370 354
371 38
371 112
371 124
371 383
371 441
372 1
372 5
372 41
372 70
372 123
372 159
372 230
372 275
372 382
372 410
372 444
373 40
373 79
373 100
373 131
373 167
373 345
373 367
373 385
373 396
373 400
373 421
373 426
373 427
373 484
373 487
374 39
374 48
374 110
374 222
374 248
374 300
374 350
374 444
374 465
375 59
375 232
375 247
375 313
375 410
376 54
376 59
376 96
376 140
376 348
376 369
376 371
377 1
377 11
377 110
377 330
377 350
377 365
378 38
378 77
378 178
378 222
378 225
378 244
378 274
378 392
378 432
378 483
378 495
379 88
379 124
379 136
379 174
379 194
379 215
379 232
380 36
380 42
380 113
380 128
380 146
380 182
380 214
380 218
380 220
380 279
380 328
380 384
381 4
381 17
381 44
381 80
381 111
381 169
381 209
381 211
381 214
381 261
381 274
381 284
381 301
381 318
381 377
381 398
381 407
381 431
381 434
381 469
381 492
382 103
382 114
382 126
382 130
382 163
382 190
382 209
382 251
382 289
382 402
382 405
382 489
382 493
383 38
383 41
383 124
383 320
383 485
384 126
384 145
384 160
384 275
384 292
384 317
385 38
385 54
385 178
385 198
385 322
385 337
385 383
386 36
386 43
386 52
386 81
386 151
386 157
386 192
386 198
386 237
386 328
386 358
386 382
386 388
386 400
386 438
386 452
387 41
387 76
387 86
387 114
387 137
387 162
387 182
387 200
387 334
387 354
387 396
387 400
387 466
388 38
388 225
388 231
388 249
388 263
388 308
388 322
388 377
388 384
388 387
388 418
388 450
389 93
389 96
389 124
389 181
389 199
389 219
389 233
389 244
389 254
389 255
389 293
389 296
389 305
389 345
389 358
389 364
389 384
389 395
389 412
389 494
390 86
390 224
390 260
390 339
390 400
390 433
390 492
391 5
391 13
391 42
391 55
391 95
391 96
391 146
391 192
391 198
391 227
391 246
391 337
391 390
391 432
391 444
391 450
391 480
392 72
392 136
392 157
392 214
392 377
392 441
393 18
393 32
393 56
393 59
393 95
393 223
393 251
393 259
393 273
393 312
393 314
393 333
393 367
393 429
393 432
393 449
393 462
393 466
393 480
394 9
394 23
394 32
394 55
394 93
394 110
394 114
394 127
394 163
394 167
394 178
394 189
394 223
394 240
394 292
394 293
394 306
394 337
394 359
394 362
394 422
394 435
394 436
394 439
394 453
395 72
395 78
395 100
395 129
395 243
395 268
395 335
395 396
396 129
396 400
396 439
396 441
397 1
397 222
397 243
397 257
397 268
397 313
397 317
397 431
398 5
398 123
398 125
398 135
398 152
398 160
398 164
398 191
398 200
398 214
398 253
398 264
398 266
398 299
398 303
398 335
398 387
398 396
398 430
398 476
398 478
398 484
399 45
399 126
399 136
399 279
399 435
400 72
400 103
400 213
400 214
400 428
400 447
401 20
401 22
401 31
401 76
401 91
401 118
401 177
401 200
401 213
401 222
401 299
401 309
401 331
401 345
401 391
401 431
401 433
401 444
401 452
401 458
403 101
403 122
403 150
403 164
403 189
403 233
403 244
403 253
403 263
403 286
403 293
403 318
403 397
403 426
403 443
403 447
403 455
403 485
403 494
404 5
404 78
404 125
404 212
404 242
404 336
404 353
404 376
404 388
404 465
404 489
405 173
405 176
405 249
405 317
405 350
405 396
405 410
405 441
405 447
406 213
407 43
407 86
407 126
407 182
407 226
407 239
407 335
407 402
407 425
407 431
407 495
408 48
408 70
408 71
408 93
408 105
408 137
408 169
408 179
408 184
408 202
408 208
408 216
408 230
408 265
408 316
408 323
408 327
408 350
408 374
408 383
408 405
408 427
408 449
408 460
408 465
408 490
408 492
408 498
409 10
409 36
409 59
409 72
409 93
409 103
409 205
409 209
409 249
409 268
409 336
409 341
410 99
410 103
410 400
410 421
411 45
411 57
411 73
411 92
411 100
411 128
411 129
411 205
411 216
411 249
411 251
411 329
411 384
411 385
411 426
412 3
412 41
412 130
412 132
412 139
412 184
412 192
412 198
412 222
412 233
412 236
412 239
412 244
412 248
412 358
412 411
412 436
412 445
412 478
412 485
412 487
413 33
413 57
413 94
413 104
413 117
413 124
413 170
413 189
413 191
413 193
413 199
413 202
413 234
413 245
413 246
413 254
413 328
413 337
413 386
413 391
414 6
414 16
414 55
414 103
414 125
414 142
414 147
414 187
414 201
414 216
414 217
414 219
414 234
414 248
414 286
414 287
414 316
414 338
414 351
414 368
414 387
414 436
414 494
415 7
415 9
415 12
415 22
415 32
415 133
415 145
415 148
415 171
415 185
415 187
415 220
415 228
415 232
415 265
415 278
415 291
415 305
415 394
415 403
415 438
415 449
415 452
415 493
416 70
416 102
416 129
416 166
416 178
416 192
416 202
416 246
416 251
416 260
416 273
416 304
416 316
416 332
416 342
416 358
416 385
416 444
416 484
417 3
417 112
417 114
417 136
417 244
417 253
417 258
417 265
417 275
417 329
417 336
417 343
417 374
417 483
418 5
418 72
418 137
418 348
418 369
418 392
418 465
419 19
419 21
419 40
419 48
419 62
419 67
419 119
419 176
419 179
419 258
419 265
419 292
419 313
419 357
419 378
419 418
419 422
419 432
419 441
419 496
420 14
420 20
420 64
420 93
420 98
420 99
420 126
420 132
420 165
420 178
420 183
420 270
420 273
420 307
420 348
420 350
420 358
420 392
420 406
420 410
420 417
420 426
420 432
420 450
420 454
420 495
421 1
421 56
421 402
422 124
422 157
422 199
422 230
422 234
422 409
422 465
422 478
422 486
423 57
423 70
423 197
423 249
423 302
423 330
423 359
423 377
423 390
423 397
423 399
423 425
423 426
423 441
424 5
424 46
424 50
424 55
424 108
424 120
424 137
424 149
424 173
424 207
424 215
424 233
424 249
424 278
424 298
424 386
424 438
424 452
424 463
424 473
425 43
425 55
425 167
425 359
425 399
427 41
427 334
428 402
429 10
429 159
429 164
429 200
429 275
429 302
429 317
429 348
429 358
429 400
429 460
429 469
430 39
430 92
430 95
430 111
430 136
430 190
430 203
430 291
430 331
430 359
430 378
430 449
430 454
430 457
430 480
430 483
430 492
431 55
431 72
431 88
431 165
431 215
431 232
431 313
431 350
432 354
432 458
433 68
434 6
434 59
434 82
434 100
434 166
434 171
434 179
434 194
434 212
434 214
434 215
434 227
434 247
434 310
434 347
434 417
434 496
435 5
435 48
435 77
435 88
435 130
435 136
435 145
435 163
435 174
435 237
435 260
435 441
435 446
435 469
436 1
436 37
436 38
436 81
436 171
436 230
436 367
436 371
436 402
436 459
437 37
437 112
437 165
437 190
437 197
437 243
437 292
437 446
438 84
438 140
438 144
438 164
438 200
438 232
438 252
438 304
438 358
438 370
438 375
438 399
438 441
438 446
438 493
440 87
440 96
440 100
440 102
440 118
440 152
440 160
440 192
440 197
440 208
440 231
440 257
440 294
440 297
440 367
440 485
442 13
442 34
442 130
442 230
442 233
442 259
442 269
442 286
442 296
442 319
442 329
442 347
442 463
442 470
442 484
442 496
443 55
443 101
443 112
443 151
443 174
443 247
443 313
443 339
443 343
443 421
443 494
444 51
444 55
444 107
444 139
444 237
444 292
444 300
444 330
444 347
444 406
444 465
444 485
444 492
445 41
445 45
445 139
445 194
445 251
445 310
445 377
445 431
445 439
445 444
445 446
445 469
445 492
446 15
446 38
446 114
446 165
446 174
446 193
446 320
446 339
446 383
446 421
447 41
447 213
447 348
448 43
448 57
448 91
448 100
448 154
448 179
448 244
448 248
448 294
448 297
448 328
448 337
448 347
448 358
448 402
448 453
448 470
449 54
449 100
449 132
449 231
449 329
449 422
449 428
449 432
449 440
449 473
449 484
450 1
450 52
450 165
450 194
450 216
450 223
450 230
450 329
450 332
450 339
450 347
450 375
450 392
450 460
451 28
451 30
451 39
451 84
451 203
451 224
451 239
451 250
451 272
451 279
451 280
451 301
451 390
451 401
451 407
451 426
451 431
451 432
451 493
452 164
452 485
453 6
453 20
453 38
453 55
453 101
453 136
453 154
453 164
453 174
453 179
453 226
453 341
453 407
454 11
454 18
454 41
454 59
454 86
454 110
454 166
454 253
454 273
454 308
454 347
454 387
454 433
454 441
454 446
454 463
454 469
454 480
455 37
455 38
455 42
455 44
455 70
455 81
455 103
455 112
455 149
455 152
455 222
455 231
455 320
455 341
455 404
455 454
455 465
455 495
456 17
456 80
456 189
456 193
456 216
456 218
456 250
456 261
456 264
456 288
456 316
456 317
456 319
456 380
456 441
456 452
456 481
457 6
457 13
457 17
457 56
457 59
457 178
457 236
457 259
457 261
457 274
457 298
457 330
457 378
457 386
457 397
457 423
457 427
457 429
457 432
457 455
457 463
457 478
457 496
459 1
459 107
459 130
459 147
459 174
459 208
459 232
459 242
459 273
459 341
459 428
459 431
460 27
460 145
460 148
460 164
460 208
460 226
460 243
460 432
461 3
461 51
461 61
461 135
461 142
461 179
461 224
461 259
461 312
461 376
461 426
461 438
461 450
461 485
462 52
462 166
462 173
462 214
462 229
462 248
462 251
462 289
462 299
462 302
462 310
462 317
462 320
462 343
462 358
462 370
462 377
462 487
463 6
463 20
463 51
463 55
463 84
463 107
463 129
463 165
463 216
463 223
463 243
463 253
464 114
464 193
464 208
464 226
464 447
465 38
465 147
465 170
465 383
465 406
465 428
465 433
465 492
466 452
467 15
467 57
467 78
467 88
467 95
467 132
467 209
467 243
467 276
467 310
467 327
467 336
467 369
467 438
467 447
467 484
467 496
468 37
468 39
468 103
468 123
468 151
468 197
468 248
468 267
468 289
468 297
468 409
468 445
468 454
468 465
469 52
469 292
469 402
469 406
469 439
469 447
470 52
470 56
470 59
470 131
470 167
470 187
470 225
470 226
470 299
470 300
470 329
470 339
470 365
470 383
470 427
470 460
470 469
471 99
471 102
471 142
471 146
471 158
471 183
471 190
471 199
471 261
471 262
471 264
471 285
471 303
471 325
471 336
471 394
471 421
471 423
471 441
472 6
472 27
472 43
472 72
472 93
472 100
472 113
472 144
472 190
472 193
472 200
472 212
472 223
472 236
472 244
472 245
472 277
472 362
472 391
472 436
472 450
472 481
473 38
473 72
473 79
473 146
473 159
473 176
473 177
473 194
473 197
473 227
473 230
473 274
473 310
473 313
473 320
473 404
473 433
473 463
473 486
474 5
474 33
474 87
474 92
474 135
474 154
474 187
474 224
474 253
474 291
474 299
474 332
474 353
474 412
474 418
474 425
474 460
475 11
475 20
475 64
475 69
475 94
475 96
475 114
475 120
475 158
475 159
475 171
475 200
475 233
475 241
475 246
475 258
475 281
475 312
475 318
475 329
475 339
475 344
475 392
475 395
475 401
475 414
475 445
475 463
475 470
475 488
476 4
476 13
476 15
476 172
476 174
476 188
476 216
476 220
476 247
476 260
476 279
476 297
476 299
476 301
476 305
476 399
476 400
476 448
476 450
477 218
477 441
478 57
478 103
478 118
478 149
478 163
478 237
478 247
478 308
478 341
478 343
478 384
478 480
478 484
479 8
479 55
479 80
479 86
479 106
479 119
479 126
479 130
479 137
479 160
479 165
479 192
479 203
479 207
479 209
479 268
479 277
479 292
479 294
479 350
479 417
479 429
479 436
479 484
479 486
480 52
480 73
480 171
480 248
480 320
480 377
480 396
480 446
480 447
480 486
481 87
481 123
481 152
481 154
481 178
481 195
481 227
481 253
481 271
481 294
481 297
481 320
481 421
481 465
482 15
482 48
482 99
482 119
482 150
482 160
482 212
482 215
482 267
482 281
482 319
482 351
482 376
482 380
482 417
482 423
483 11
483 56
483 103
483 132
483 151
483 205
483 251
483 339
483 375
483 387
484 10
484 15
484 45
484 86
484 148
484 223
484 335
484 390
484 392
484 410
484 460
486 45
486 56
486 100
486 102
486 247
486 358
486 410
486 458
486 464
487 44
487 77
487 154
487 223
487 229
487 242
487 257
487 313
487 334
487 369
487 370
487 433
487 492
488 1
488 80
488 82
488 83
488 120
488 167
488 198
488 201
488 216
488 336
488 434
488 457
488 458
488 486
489 15
489 76
489 93
489 101
489 165
489 214
489 263
489 347
489 460
489 466
490 11
490 24
490 53
490 55
490 59
490 66
490 73
490 96
490 103
490 108
490 112
490 120
490 124
490 189
490 203
490 210
490 294
490 334
490 371
490 425
490 429
490 500
491 18
491 20
491 75
491 85
491 97
491 100
491 104
491 195
491 196
491 204
491 208
491 211
491 216
491 248
491 254
491 269
491 312
491 343
491 371
491 405
491 483
492 103
492 123
492 213
492 466
493 10
493 145
493 163
493 178
493 200
493 248
493 322
493 335
493 377
493 407
493 464
494 68
494 226
494 292
494 313
494 446
495 11
495 84
495 147
495 208
495 267
495 275
495 313
495 348
495 402
495 458
495 464
496 34
496 42
496 120
496 146
496 194
496 279
496 343
496 347
496 386
496 392
496 416
496 421
497 58
497 68
497 87
497 150
497 206
497 213
497 222
497 254
497 268
497 278
497 294
497 343
497 377
497 390
497 437
497 453
497 489
497 493
497 494
498 6
498 45
498 46
498 64
498 134
498 136
498 149
498 153
498 160
498 189
498 203
498 239
498 249
498 287
498 303
498 342
498 363
498 377
498 401
498 465
499 6
499 55
499 65
499 71
499 86
499 115
499 172
499 191
499 231
499 237
499 243
499 302
499 327
499 331
499 347
499 385
499 469
499 479
500 34
500 39
500 46
500 61
500 131
500 164
500 193
500 233
500 249
500 339
500 379
500 431
500 447
500 466

_____________________________________
Critical path length: 596
A critical path: 361 186 97 471 262 490 210 498 134 122 456 189 291 296 327 58 22 95 13 201 480 171 42 177 227 463 20 154 407 182 376 96 465 147 410 400 72 218 10 383 320 148 78 27 165 439 
Verified

Output:
596 55 2
1: 361 186 97 471 262 490 210 498 134 122 456 189 291 296 327 58 22 95 13 201 480 171 42 177 227 463 20 154 407 182 376 96 465 147 410 400 72 218 10 383 320 148 78 27 165 439 
2: 361 186 97 471 262 490 210 498 134 122 456 319 33 138 500 61 91 199 416 70 480 171 42 177 227 463 20 154 407 182 376 96 465 147 410 400 72 218 10 383 320 148 78 27 165 439 

Task	EC	LC	Slack
1	533	596	63
2	115	158	43
3	305	357	52
4	99	155	56
5	410	458	48
6	488	580	92
7	17	75	58
8	458	575	117
9	110	168	58
10	517	517	0
11	513	596	83
12	20	60	40
13	243	243	0
14	70	125	55
15	562	593	31
16	35	117	82
17	210	243	33
18	468	552	84
19	179	344	165
20	361	361	0
21	43	111	68
22	228	228	0
23	69	125	56
24	109	140	31
25	162	228	66
26	6	129	123
27	562	562	0
28	154	177	23
29	6	54	48
30	167	178	11
31	159	208	49
32	228	295	67
33	178	178	0
34	264	366	102
35	80	154	74
36	508	562	54
37	269	343	74
38	536	596	60
39	256	322	66
40	238	267	29
41	565	596	31
42	303	303	0
43	387	468	81
44	389	420	31
45	456	472	16
46	240	249	9
47	1	54	53
48	438	472	34
49	31	74	43
50	188	208	20
51	355	397	42
52	519	539	20
53	95	133	38
54	409	425	16
55	388	418	30
56	528	569	41
57	253	308	55
58	216	216	0
59	462	596	134
60	33	37	4
61	227	227	0
62	108	143	35
63	57	121	64
64	136	177	41
65	179	222	43
66	95	130	35
67	143	160	17
68	501	517	16
69	27	90	63
70	257	257	0
71	138	189	51
72	493	493	0
73	289	416	127
74	32	117	85
75	75	182	107
76	354	424	70
77	417	477	60
78	552	552	0
79	398	462	64
80	212	266	54
81	247	303	56
82	244	273	29
83	204	305	101
84	403	473	70
85	39	82	43
86	429	470	41
87	288	450	162
88	408	481	73
89	126	143	17
90	49	130	81
91	229	229	0
92	420	521	101
93	315	433	118
94	222	249	27
95	235	235	0
96	423	423	0
97	37	37	0
98	46	104	58
99	481	562	81
100	515	596	81
101	359	367	8
102	384	455	71
103	553	596	43
104	91	134	43
105	24	54	30
106	141	174	33
107	377	468	91
108	186	189	3
109	48	89	41
110	434	562	128
111	142	173	31
112	453	493	40
113	234	263	29
114	444	520	76
115	142	153	11
116	12	71	59
117	167	170	3
118	252	305	53
119	135	146	11
120	355	405	50
121	13	18	5
122	134	134	0
123	491	576	85
124	552	595	43
125	269	334	65
126	404	485	81
127	247	444	197
128	246	266	20
129	431	521	90
130	489	540	51
131	392	423	31
132	443	532	89
133	29	33	4
134	120	120	0
135	226	319	93
136	434	490	56
137	364	457	93
138	189	189	0
139	340	367	27
140	434	517	83
141	4	79	75
142	176	253	77
143	70	113	43
144	286	311	25
145	477	569	92
146	351	401	50
147	456	456	0
148	545	545	0
149	232	272	40
150	358	596	238
151	307	416	109
152	246	311	65
153	207	229	22
154	367	367	0
155	45	136	91
156	15	101	86
157	409	552	143
158	64	153	89
159	440	479	39
160	432	533	101
161	149	160	11
162	361	457	96
163	488	596	108
164	565	596	31
165	580	580	0
166	367	411	44
167	520	539	19
168	307	325	18
169	90	101	11
170	454	538	84
171	283	283	0
172	175	247	72
173	533	552	19
174	465	532	67
175	52	120	68
176	318	444	126
177	323	323	0
178	495	596	101
179	337	424	87
180	127	201	74
181	174	177	3
182	384	384	0
183	67	73	6
184	185	237	52
185	75	170	95
186	36	36	0
187	283	357	74
188	186	213	27
189	168	168	0
190	531	591	60
191	324	344	20
192	334	367	33
193	507	575	68
194	511	579	68
195	246	262	16
196	58	90	32
197	315	405	90
198	283	301	18
199	241	241	0
200	520	540	20
201	257	257	0
202	267	274	7
203	331	455	124
204	129	175	46
205	317	342	25
206	323	344	21
207	175	257	82
208	459	493	34
209	447	481	34
210	109	109	0
211	143	170	27
212	446	552	106
213	550	596	46
214	498	596	98
215	395	462	67
216	378	446	68
217	68	90	22
218	501	501	0
219	339	366	27
220	232	243	11
221	63	154	91
222	330	477	147
223	474	490	16
224	441	481	40
225	374	423	49
226	460	552	92
227	343	343	0
228	73	79	6
229	482	501	19
230	377	457	80
231	356	384	28
232	467	581	114
233	267	401	134
234	252	327	75
235	153	202	49
236	208	266	58
237	423	532	109
238	13	49	36
239	386	457	71
240	68	191	123
241	69	151	82
242	349	367	18
243	459	493	34
244	326	371	45
245	83	169	86
246	282	393	111
247	435	474	39
248	347	367	20
249	322	411	89
250	172	192	20
251	427	443	16
252	313	333	20
253	350	358	8
254	176	219	43
255	237	327	90
256	129	160	31
257	423	546	123
258	267	320	53
259	213	247	34
260	442	472	30
261	443	510	67
262	75	75	0
263	324	356	32
264	167	238	71
265	286	342	56
266	102	182	80
267	393	444	51
268	394	462	68
269	287	305	18
270	20	73	53
271	316	323	7
272	144	244	100
273	349	422	73
274	287	347	60
275	390	457	67
276	246	255	9
277	214	320	106
278	184	227	43
279	447	510	63
280	205	272	67
281	150	173	23
282	12	50	38
283	57	143	86
284	139	196	57
285	72	83	11
286	256	342	86
287	274	345	71
288	159	226	67
289	317	342	25
290	49	135	86
291	174	174	0
292	524	575	51
293	103	183	80
294	323	341	18
295	143	209	66
296	191	191	0
297	250	255	5
298	250	358	108
299	362	393	31
300	286	339	53
301	118	155	37
302	297	322	25
303	115	153	38
304	301	308	7
305	148	238	90
306	402	470	68
307	117	175	58
308	369	473	104
309	176	208	32
310	325	357	32
311	17	122	105
312	166	218	52
313	433	476	43
314	64	191	127
315	47	153	106
316	267	458	191
317	403	470	67
318	63	158	95
319	165	165	0
320	540	540	0
321	24	83	59
322	370	401	31
323	35	79	44
324	120	155	35
325	127	201	74
326	88	200	112
327	210	210	0
328	262	344	82
329	367	587	220
330	428	469	41
331	155	209	54
332	364	434	70
333	127	154	27
334	442	481	39
335	413	462	49
336	318	367	49
337	342	424	82
338	55	75	20
339	464	548	84
340	8	149	141
341	355	418	63
342	399	474	75
343	369	411	42
344	36	94	58
345	324	349	25
346	79	155	76
347	386	481	95
348	545	596	51
349	8	82	74
350	507	558	51
351	106	117	11
352	233	290	57
353	302	352	50
354	516	591	75
355	84	90	6
356	10	42	32
357	41	73	32
358	439	455	16
359	416	490	74
360	19	55	36
361	20	20	0
362	107	150	43
363	252	272	20
364	213	263	50
365	467	501	34
366	65	192	127
367	247	303	56
368	38	90	52
369	494	579	85
370	438	477	39
371	413	481	68
372	254	255	1
373	112	257	145
374	239	319	80
375	419	456	37
376	404	404	0
377	418	459	41
378	256	318	62
379	394	461	67
380	175	239	64
381	19	83	64
382	302	327	25
383	532	532	0
384	327	452	125
385	272	290	18
386	245	274	29
387	353	371	18
388	292	345	53
389	82	170	88
390	423	453	30
391	179	228	49
392	407	448	41
393	57	147	90
394	61	117	56
395	363	446	83
396	425	474	49
397	329	401	72
398	58	126	68
399	385	433	48
400	483	483	0
401	151	197	46
402	531	596	65
403	62	120	58
404	256	332	76
405	315	404	89
406	497	591	94
407	371	371	0
408	20	50	30
409	253	322	69
410	474	474	0
411	157	263	106
412	152	218	66
413	72	115	43
414	27	57	30
415	14	18	4
416	255	255	0
417	229	305	76
418	297	423	126
419	28	60	32
420	6	59	53
421	526	567	41
422	193	229	36
423	205	255	50
424	128	177	49
425	376	416	40
426	462	596	134
427	415	479	64
428	485	591	106
429	206	311	105
430	121	158	37
431	386	416	30
432	512	580	68
433	494	510	16
434	203	226	23
435	404	452	48
436	246	272	26
437	177	324	147
438	284	291	7
439	596	596	0
440	242	247	5
441	426	596	170
442	87	153	66
443	298	358	60
444	277	330	53
445	270	323	53
446	424	516	92
447	532	583	51
448	173	227	54
449	165	214	49
450	361	429	68
451	12	143	131
452	560	579	19
453	330	349	19
454	225	257	32
455	215	247	32
456	153	153	0
457	203	226	23
458	528	596	68
459	338	356	18
460	430	476	46
461	137	201	64
462	262	311	49
463	349	349	0
464	440	481	41
465	439	439	0
466	550	569	19
467	76	191	115
468	186	247	61
469	419	521	102
470	267	330	63
471	55	55	0
472	15	134	119
473	184	303	119
474	140	165	25
475	10	54	44
476	80	136	56
477	389	493	104
478	207	255	48
479	122	133	11
480	272	272	0
481	235	247	12
482	58	101	43
483	261	322	61
484	403	433	30
485	577	596	19
486	373	443	70
487	277	356	79
488	187	210	23
489	313	345	32
490	90	90	0
491	7	36	29
492	457	552	95
493	337	357	20
494	376	462	86
495	385	436	51
496	218	241	23
497	131	210	79
498	111	111	0
499	118	129	11
500	208	208	0
Time: 41 msec.
