# Vertices: 1000 Edges: 6000
1000 6000
15 5 8 9 5 20 8 10 4 15 16 9 18 1 4 9 12 19 11 19 19 15 17 7 9 16 7 18 11 8 13 4 6 8 15 10 9 14 17 2 16 2 8 14 15 15 18 10 6 20 19 13 17 15 14 16 1 18 19 7 18 3 3 1 16 11 19 7 9 2 15 8 9 17 10 8 20 20 2 3 9 7 13 17 17 8 11 1 12 12 4 15 19 20 19 19 18 2 8 20 17 5 11 1 6 1 10 3 15 17 9 12 15 8 18 12 3 2 3 3 5 12 17 11 1 2 18 8 16 14 7 5 14 15 12 13 13 3 20 8 16 1 10 13 10 3 18 5 7 5 19 18 1 16 1 14 9 18 2 6 6 17 14 7 7 11 15 20 20 18 16 14 5 13 18 1 7 16 18 17 1 4 6 2 13 7 10 8 17 19 19 6 15 5 14 14 20 6 12 2 8 14 15 10 20 17 9 6 18 3 16 19 14 20 1 2 14 1 15 14 8 14 12 20 12 1 12 12 13 16 2 6 13 7 11 7 8 13 2 19 11 1 18 16 1 8 15 20 19 14 3 11 2 7 10 20 17 13 6 15 19 16 18 10 14 13 13 9 18 16 14 15 5 9 2 6 11 17 5 15 15 7 4 4 20 17 1 10 18 9 6 15 5 3 7 13 13 17 5 13 8 11 8 16 5 10 17 16 6 7 19 18 5 2 5 20 9 18 4 2 15 2 2 15 7 17 17 6 16 1 20 10 12 5 20 4 3 2 8 3 16 18 11 3 14 9 6 7 1 3 19 20 3 6 20 11 18 13 13 2 8 19 20 5 14 15 8 20 3 9 10 6 4 5 12 20 10 7 11 14 16 11 11 11 7 11 18 4 5 8 7 2 4 14 15 1 12 9 13 20 4 9 18 2 3 4 20 18 8 8 8 8 7 12 15 17 7 12 10 17 16 9 2 16 10 14 3 10 16 14 14 8 4 3 10 9 20 17 19 9 10 16 13 18 9 14 12 20 15 9 14 15 7 14 11 5 8 19 10 13 1 7 8 8 1 16 8 18 19 2 14 13 2 3 10 7 14 3 10 2 18 18 20 17 7 8 1 17 3 2 6 5 4 16 6 20 11 7 2 10 20 12 9 10 1 18 7 11 11 17 12 17 9 20 11 19 7 14 5 4 3 17 17 7 15 12 5 20 8 12 3 8 20 10 7 20 10 11 16 11 2 8 15 6 4 5 2 6 15 14 3 2 3 14 17 2 20 16 8 7 11 7 14 1 2 13 9 19 19 12 1 14 2 6 14 5 19 15 15 6 8 17 2 18 1 12 20 10 3 8 1 3 7 4 13 16 14 5 10 10 18 16 2 1 16 1 5 10 14 5 1 1 5 3 14 6 15 19 17 16 18 11 20 6 17 16 3 9 8 17 19 11 4 7 15 11 18 9 2 5 16 3 12 5 18 11 4 20 6 3 7 12 3 6 6 6 4 1 20 1 17 6 15 12 17 1 9 5 11 16 14 2 2 9 3 14 7 6 7 6 6 4 4 16 13 13 11 5 6 5 20 11 8 20 19 7 4 7 14 5 7 8 16 1 8 15 16 11 13 11 12 6 10 7 7 14 16 3 10 8 5 19 2 19 10 18 14 6 15 19 15 18 2 1 13 17 10 2 6 8 15 19 19 9 19 18 11 10 5 17 15 3 6 15 20 6 13 5 1 18 8 15 8 17 1 4 4 20 19 12 17 17 17 6 15 19 13 7 10 15 7 2 7 18 17 13 5 12 3 9 3 19 4 2 14 9 19 1 19 4 9 15 9 12 8 3 5 16 8 1 11 5 6 12 14 1 6 13 17 7 7 1 9 9 3 16 11 3 9 12 2 19 18 18 6 18 2 12 8 8 20 8 2 1 11 5 7 12 12 8 12 2 10 10 18 8 8 5 8 17 13 16 2 19 7 17 20 5 1 6 17 19 20 8 11 14 8 9 19 7 17 5 10 14 14 19 3 12 13 13 10 14 9 6 14 5 3 8 7 12 1 20 7 5 17 10 14 12 4 9 17 17 15 7 7 13 5 6 12 1 4 9 15 3 4 14 3 5 20 20 7 12 8 16 10 10 19 4 15 16 20 5 6 20 6 16 3 11 11 5 16 10 5 7 1 7 11 19 9 11 16 15 20 12 8 15 8 17 14 16 6 18 5 5 17 14 4 16 10 2 18 16 15 9 2 5 10 7 9 6 3 15 16 7 6 17 5 16 11 20 
1 24
1 46
1 370
1 391
1 596
1 606
1 634
1 748
2 23
2 195
2 356
2 383
2 441
2 534
2 630
2 737
2 773
3 441
3 588
3 935
4 424
5 534
5 862
5 916
6 50
6 208
6 627
6 834
7 751
7 989
8 109
8 998
9 87
9 241
9 334
9 518
9 553
9 860
9 977
10 71
10 207
10 403
10 421
10 585
10 678
10 822
10 905
10 918
10 959
11 925
12 260
12 342
12 371
12 400
12 520
12 634
12 845
12 901
12 968
13 377
13 930
14 683
15 38
15 333
15 439
15 490
15 765
15 911
15 996
16 4
16 8
16 53
16 98
16 242
16 546
16 630
16 771
16 860
16 880
16 888
17 464
17 584
17 726
17 760
17 850
17 996
18 542
18 692
18 861
18 865
19 114
19 553
19 634
19 674
19 869
20 572
21 673
21 731
21 814
21 835
22 13
22 175
22 916
23 88
23 323
23 581
23 984
24 922
25 20
25 116
25 177
25 263
25 391
25 444
25 640
25 646
25 665
26 518
26 563
26 717
26 994
27 52
27 199
27 345
27 383
27 757
27 795
27 868
28 586
29 208
29 210
29 466
29 738
29 753
29 776
29 789
31 122
31 536
31 588
32 13
32 24
32 213
32 341
32 574
32 652
32 972
33 42
33 99
33 151
33 285
33 440
33 704
33 809
34 33
34 115
34 119
34 195
34 414
34 439
34 454
34 834
34 883
34 893
34 933
34 954
35 3
35 99
35 110
35 186
35 187
35 220
35 239
35 260
35 263
35 408
35 492
35 580
35 813
35 935
35 962
36 578
36 767
37 32
37 81
37 90
37 98
37 129
37 175
37 204
37 230
37 238
37 465
37 614
37 648
37 735
37 745
37 757
37 763
37 864
37 883
37 918
38 109
38 252
38 377
39 52
39 114
39 196
39 341
39 549
39 718
39 989
40 59
40 339
40 470
40 518
40 596
40 649
40 667
40 708
40 878
40 886
41 160
42 183
42 917
42 965
43 243
43 260
43 517
43 600
43 651
43 768
43 866
43 867
43 979
43 999
44 68
44 141
44 189
44 368
44 411
44 481
44 530
44 836
44 954
44 977
45 481
45 967
46 5
46 128
46 279
46 734
46 906
47 147
47 271
47 342
47 645
48 138
48 210
48 216
48 228
48 378
48 795
48 823
48 868
48 885
48 950
48 996
49 128
49 179
49 187
49 263
49 348
49 402
49 553
50 131
50 704
50 781
50 932
51 88
51 125
51 583
51 683
52 314
52 377
52 426
52 615
52 881
52 934
52 967
52 994
54 162
54 281
54 288
54 474
54 637
54 680
54 886
54 974
55 11
55 256
55 348
55 418
55 595
55 952
56 386
56 674
56 767
56 943
57 21
57 72
57 157
57 176
57 247
57 267
57 270
57 367
57 441
57 541
57 684
57 808
57 945
57 947
57 961
57 966
58 15
58 25
58 78
58 601
58 782
58 853
58 871
58 958
60 415
60 429
60 487
60 906
61 30
61 377
62 282
62 950
63 47
63 524
63 697
63 732
63 861
63 867
63 916
63 944
64 248
64 356
64 558
64 716
64 773
64 975
64 996
65 99
65 209
65 318
65 480
65 497
65 522
65 664
66 147
66 161
66 186
66 242
66 534
66 648
66 665
66 668
66 811
66 939
67 30
67 533
68 69
68 91
68 641
68 767
68 962
70 873
70 875
71 4
71 455
71 497
71 570
71 657
71 919
72 42
72 144
72 218
72 334
72 339
72 415
72 455
72 458
72 538
72 985
73 97
73 167
73 187
73 190
73 331
73 497
73 888
73 942
74 107
74 133
74 157
74 287
74 340
74 471
74 631
74 827
75 88
75 160
75 692
75 984
77 5
77 436
77 534
77 849
77 913
77 916
78 11
78 220
78 268
78 398
78 429
78 628
78 699
78 876
78 881
79 24
79 187
79 391
79 435
79 499
79 528
79 537
79 611
79 752
79 901
79 925
79 949
79 965
79 993
80 374
80 619
80 650
80 689
80 820
80 976
80 996
81 114
81 167
81 324
81 341
81 458
81 536
81 614
81 644
81 834
81 939
82 149
82 263
82 315
82 335
82 391
82 540
82 559
82 564
82 911
83 7
83 350
83 409
84 114
84 155
84 219
84 350
84 522
84 674
84 855
84 886
84 987
84 993
85 62
85 242
85 423
85 923
86 4
86 78
86 206
86 248
86 407
86 633
86 652
86 845
86 942
86 963
86 967
87 275
88 76
88 431
89 324
89 395
89 584
89 585
89 647
89 648
89 652
89 942
89 962
89 981
90 31
90 62
90 217
90 277
90 723
90 997
91 230
91 270
91 374
91 481
91 652
91 820
92 81
92 163
92 333
92 405
92 439
92 471
92 494
92 535
92 836
92 848
92 892
93 20
93 180
93 268
93 331
93 432
93 486
93 617
93 633
93 680
93 687
93 739
93 818
94 62
94 127
94 247
94 281
94 402
94 521
94 832
95 202
95 223
95 305
95 402
95 494
95 584
95 851
96 116
96 996
97 61
97 202
97 505
98 87
98 147
98 160
98 179
98 323
99 20
99 24
99 253
99 348
99 352
99 538
99 765
99 803
99 881
100 930
101 64
101 85
101 136
101 174
101 203
101 254
101 576
101 697
101 844
101 861
101 934
102 4
102 589
102 688
102 968
103 8
103 17
103 58
103 73
103 76
103 129
103 134
103 186
103 302
103 604
103 660
103 743
103 834
103 945
103 978
104 125
104 383
104 668
105 753
105 972
105 998
106 115
106 238
106 267
106 279
106 333
106 452
106 508
106 742
106 816
107 714
107 780
108 83
108 224
108 399
108 641
108 688
108 695
108 727
108 878
109 426
109 578
111 215
111 290
111 333
111 353
111 700
111 808
111 849
111 926
112 97
112 377
112 412
112 958
113 23
113 87
113 542
113 617
113 836
113 903
114 913
115 42
115 97
115 136
115 481
115 595
115 673
116 586
116 862
117 22
117 70
117 82
117 221
117 417
117 453
117 553
117 696
117 756
117 799
117 804
117 971
117 981
118 139
118 292
118 331
118 367
118 558
118 560
118 851
118 937
118 979
118 984
119 136
119 300
119 680
119 820
120 37
120 66
120 78
120 128
120 217
120 369
120 394
120 426
120 551
120 566
120 620
120 692
120 762
120 814
120 822
120 831
120 854
120 871
120 875
121 183
121 264
121 626
121 776
121 800
121 845
121 864
121 986
122 282
122 619
122 645
122 681
123 175
123 252
123 349
123 891
123 925
124 397
124 452
124 614
124 685
124 746
124 906
125 116
125 338
125 742
125 780
126 100
126 625
127 11
127 164
127 228
127 246
127 302
127 438
127 502
127 509
127 531
127 805
127 833
127 840
127 910
128 30
128 860
128 948
129 491
129 547
129 626
129 738
129 922
129 927
129 932
130 89
130 161
130 195
130 366
130 422
130 426
130 458
130 521
130 550
130 876
130 907
132 817
133 62
133 87
134 49
134 79
134 136
134 156
134 163
134 618
134 945
135 64
135 88
135 275
135 364
135 370
135 523
135 524
135 603
135 682
135 722
135 732
135 850
135 886
135 922
136 331
136 507
136 786
137 11
137 133
137 168
137 369
137 763
138 22
138 87
138 465
138 796
138 948
139 38
139 189
139 504
139 515
139 553
139 704
139 891
140 26
140 151
140 320
140 333
140 356
140 369
140 408
140 463
140 585
140 686
140 708
140 720
140 960
140 989
141 564
141 966
143 63
143 98
143 153
143 231
143 454
143 482
143 811
143 938
144 11
144 38
144 116
144 131
144 157
144 260
144 659
145 72
145 272
145 324
145 428
145 443
145 701
145 932
145 982
146 89
146 207
146 239
146 357
146 408
146 478
146 527
146 657
146 746
146 765
146 821
146 840
146 933
147 341
147 374
147 849
148 211
148 254
148 279
148 549
148 638
149 70
149 110
149 297
149 314
149 547
150 186
150 396
150 535
150 884
150 886
152 102
152 133
152 282
152 318
152 347
152 394
152 479
152 589
152 681
152 751
152 782
152 997
153 11
153 177
153 332
153 339
153 481
153 708
153 811
153 840
154 18
154 315
154 588
154 628
154 638
154 639
154 916
154 988
155 71
155 221
155 395
155 432
155 542
155 556
155 592
155 608
155 651
155 845
156 228
156 309
156 328
156 355
156 527
156 537
156 646
156 659
156 803
156 987
158 5
158 128
158 224
158 638
158 876
158 997
159 109
159 122
159 151
159 426
159 574
159 878
160 339
160 958
161 358
161 540
161 692
161 726
161 930
162 9
162 415
162 419
162 559
162 565
162 652
162 717
162 947
163 31
163 341
163 553
163 603
163 620
163 649
164 51
164 169
164 179
164 211
164 225
164 253
164 433
164 565
164 662
164 899
164 911
164 978
165 196
165 276
165 350
165 627
165 689
165 733
165 753
165 797
165 893
166 51
166 89
166 221
166 354
166 413
166 474
166 542
166 649
166 810
166 834
167 574
167 809
167 869
168 374
168 731
168 738
168 917
169 104
169 481
170 22
170 247
170 383
170 433
170 439
170 593
170 661
170 665
170 711
170 733
170 761
170 817
171 193
171 489
171 579
171 640
171 646
171 899
171 958
172 9
172 13
172 72
172 77
172 159
172 183
172 228
172 396
172 447
172 510
172 594
172 599
172 861
173 252
173 395
173 419
173 424
173 508
173 539
173 843
173 875
174 65
174 221
174 340
174 384
174 414
174 592
174 617
174 746
174 836
174 867
174 943
175 237
175 681
176 681
176 785
177 780
178 62
178 212
178 215
178 313
178 334
178 356
178 371
178 455
178 482
178 579
178 644
178 714
178 732
178 967
179 237
179 601
180 539
180 661
181 67
181 106
181 124
181 165
181 429
181 458
181 544
181 582
181 662
182 75
182 664
182 665
182 875
182 882
183 97
183 161
183 369
183 668
183 812
183 979
184 62
184 451
184 719
185 20
185 30
185 52
185 936
185 952
185 967
185 984
186 14
186 114
186 126
186 270
186 429
186 595
186 734
186 942
186 994
188 81
188 104
188 186
188 273
188 304
188 381
188 399
188 523
188 725
188 736
189 275
189 276
189 414
189 458
189 614
189 865
189 979
190 8
190 126
190 575
190 763
191 112
191 138
191 260
191 525
191 574
191 845
191 934
192 8
192 47
192 177
192 217
192 368
192 440
192 457
192 822
192 902
192 910
193 97
193 136
193 260
193 335
193 487
193 578
193 860
193 866
193 873
194 14
194 15
194 85
194 398
194 708
194 768
194 795
194 991
195 77
195 278
195 339
195 702
195 809
195 818
195 944
195 965
196 23
196 213
196 564
197 15
197 88
197 127
197 167
197 408
197 649
197 834
197 891
197 893
198 261
198 313
198 379
198 497
198 559
198 889
199 176
199 298
199 347
199 431
199 446
199 457
199 668
199 952
200 51
200 84
200 158
200 355
200 392
200 583
200 608
200 693
200 773
200 786
200 795
200 891
201 206
201 242
201 347
201 365
201 423
201 559
201 878
202 87
202 497
202 972
203 56
203 59
203 82
203 114
203 133
203 251
203 410
203 592
204 22
204 576
204 664
204 999
205 10
205 21
205 39
205 247
205 402
205 407
205 454
205 640
205 711
205 749
205 754
205 927
206 276
206 625
206 849
207 157
207 341
207 525
207 543
207 780
207 922
207 948
207 998
208 289
208 688
209 87
209 659
209 708
210 151
210 332
210 334
210 780
210 966
211 24
211 187
211 374
211 524
212 24
212 55
212 83
212 98
212 163
212 292
212 375
212 410
212 415
212 544
212 663
212 747
213 751
213 780
214 9
214 458
214 616
214 640
214 742
214 906
214 976
215 136
215 245
215 267
215 325
215 345
215 375
215 382
215 552
215 708
215 752
216 248
216 391
216 400
216 540
216 565
216 653
216 675
216 678
216 706
216 735
217 112
217 524
217 898
218 41
218 77
218 335
218 578
219 849
219 917
220 15
220 23
220 99
220 138
220 142
220 342
220 518
220 520
220 550
220 700
220 706
220 835
220 919
220 978
220 987
221 61
221 196
222 91
222 167
222 183
222 189
222 292
222 350
222 409
222 663
222 683
222 849
222 870
223 70
223 126
223 151
223 315
223 481
223 522
223 925
224 8
224 765
224 981
225 949
225 950
226 268
226 419
226 441
226 449
226 573
226 797
226 888
227 109
227 131
227 423
227 497
228 402
228 414
228 474
228 648
228 742
228 750
228 827
228 836
229 389
229 888
229 916
230 157
231 302
231 340
231 348
231 481
231 562
231 572
231 673
231 702
231 772
231 779
231 862
231 882
231 901
231 927
232 201
232 208
232 249
232 318
232 537
232 580
232 615
232 620
232 674
232 939
233 78
233 168
233 226
233 282
233 315
233 461
233 512
233 535
233 641
233 719
234 16
234 33
234 75
234 301
234 386
234 512
234 590
235 18
235 113
235 419
235 527
235 678
235 748
235 767
235 812
235 897
236 88
236 183
236 231
236 245
236 340
236 357
236 551
236 564
236 569
236 630
236 717
236 801
236 867
236 870
236 993
237 432
237 617
238 474
238 689
238 782
238 836
239 96
239 187
239 590
239 639
239 718
239 726
239 748
239 888
239 891
239 945
240 9
240 25
240 86
240 123
240 156
240 292
240 293
240 649
240 670
240 710
240 802
240 898
240 997
243 419
243 662
243 917
243 948
244 151
244 173
244 251
244 315
244 330
244 438
244 535
244 545
244 747
244 892
244 974
245 159
245 335
245 948
246 70
246 383
246 406
246 817
246 827
246 977
246 999
247 594
248 221
248 241
248 967
250 50
250 254
250 366
250 502
250 590
250 618
250 968
251 99
251 153
251 207
251 223
251 324
251 412
251 413
251 513
251 657
251 689
251 717
251 803
251 805
251 999
253 41
253 279
253 317
253 491
253 631
253 973
254 157
254 241
254 862
254 892
255 82
255 96
255 719
255 878
255 906
255 925
255 926
256 202
256 444
256 578
256 831
256 950
257 91
257 140
257 233
257 298
257 339
257 491
257 740
257 812
257 815
257 855
257 916
258 31
258 214
258 309
258 333
258 354
258 525
258 555
258 639
258 739
258 763
258 780
258 795
258 808
258 844
258 870
259 50
259 189
259 190
259 392
259 505
259 531
259 625
259 646
259 724
260 241
260 683
260 726
260 861
261 304
261 338
261 439
261 485
261 519
261 598
261 616
261 704
262 96
262 173
262 247
262 297
262 345
262 349
262 389
262 518
262 744
262 827
263 22
263 276
263 313
263 590
263 827
264 176
264 584
265 62
265 126
265 136
265 144
265 309
265 329
265 505
265 765
265 866
265 967
265 970
266 72
266 83
266 196
266 242
266 288
266 366
266 377
266 381
266 473
266 519
266 692
266 774
266 788
266 842
266 856
266 929
266 975
266 984
267 136
267 315
267 886
268 149
268 260
268 370
268 436
269 176
269 220
269 325
269 395
269 563
269 594
269 595
269 606
269 656
269 898
271 202
271 665
271 718
272 69
272 267
272 491
272 538
272 628
272 645
272 659
272 714
273 62
273 99
273 108
273 172
273 289
273 326
273 415
273 565
273 713
273 795
273 960
274 47
274 123
274 620
274 991
276 531
276 738
277 83
277 114
277 116
277 175
277 177
277 270
277 405
277 550
278 358
278 590
279 999
280 391
281 338
281 366
281 662
281 835
281 1000
283 112
283 149
283 215
283 470
283 556
283 651
283 975
284 88
284 219
284 230
285 176
285 277
285 431
285 525
285 725
285 998
286 201
286 481
286 573
286 762
286 868
286 898
286 989
287 13
287 115
287 485
287 487
287 546
287 710
287 925
287 962
288 32
288 351
288 491
288 505
288 636
288 850
288 916
288 944
289 391
290 4
290 700
290 797
290 799
290 925
290 934
291 42
291 406
291 497
291 516
291 547
291 584
291 646
291 653
291 679
291 705
291 767
291 995
292 55
292 340
292 501
292 812
292 844
292 845
292 908
293 85
293 298
293 344
293 405
293 444
293 482
293 601
293 602
293 771
294 436
294 598
294 701
294 868
294 869
294 931
295 215
295 401
295 402
295 431
295 458
295 694
295 816
295 906
295 934
295 985
296 20
296 369
296 780
296 816
297 412
297 780
298 309
298 627
299 104
299 195
299 214
299 269
299 388
299 407
299 414
299 536
299 598
299 688
299 708
299 767
299 811
299 892
300 153
300 199
300 289
300 669
300 783
300 827
301 58
301 168
301 214
301 298
301 314
301 435
301 506
301 646
301 706
301 780
301 881
301 915
301 919
301 941
301 961
301 964
302 179
302 537
302 724
302 884
302 920
302 981
303 249
303 615
303 699
303 704
303 789
304 189
304 278
304 487
304 551
304 629
305 149
305 412
305 888
305 972
306 365
306 457
306 499
306 686
306 856
307 44
307 92
307 120
307 201
307 259
307 267
307 385
307 537
307 706
307 916
308 537
308 949
310 542
311 23
311 276
311 303
311 332
311 344
311 495
311 538
311 551
311 560
311 581
311 585
311 592
311 598
311 746
311 826
311 857
312 15
312 51
312 112
312 113
312 196
312 268
312 899
314 552
314 767
315 116
315 864
316 122
316 163
316 386
316 457
316 564
316 573
316 744
316 978
317 133
317 136
317 176
317 268
317 358
317 936
318 208
318 263
318 272
318 333
319 127
319 207
319 223
319 252
319 539
319 717
319 849
319 945
320 71
320 75
320 96
320 165
320 390
320 423
320 459
320 570
320 655
320 667
320 699
320 717
320 735
320 899
320 1000
321 59
321 169
321 297
321 395
321 466
321 655
321 822
321 824
321 911
322 99
322 219
322 256
322 702
324 25
324 358
324 650
324 731
324 862
325 470
325 474
325 540
325 645
325 825
325 903
325 935
326 419
326 583
327 86
327 247
327 768
327 981
327 984
327 996
328 73
328 664
329 76
329 98
329 187
329 216
329 249
329 313
329 358
329 379
329 417
329 482
329 640
329 651
329 714
329 808
329 905
329 907
330 124
330 208
330 436
330 544
330 662
330 759
330 773
330 886
330 991
331 249
331 518
332 530
333 61
334 177
334 552
334 996
335 20
335 282
335 892
335 937
336 69
336 344
336 551
336 815
336 857
336 862
336 884
336 926
336 942
336 974
337 91
337 182
337 647
337 674
337 686
338 497
339 499
340 14
340 24
342 578
344 65
344 407
344 581
344 825
344 861
344 892
344 950
345 193
345 275
345 354
345 820
345 954
346 79
346 185
346 281
346 410
346 465
346 978
348 32
348 169
348 584
348 862
349 481
350 731
350 883
351 663
352 589
353 5
353 88
353 132
353 138
353 201
353 323
353 364
353 456
353 547
353 592
353 836
353 871
353 884
353 920
353 974
353 998
354 105
354 552
354 742
355 25
355 88
355 126
355 518
355 857
356 161
356 223
356 224
356 441
356 455
356 562
356 727
356 732
356 901
356 971
357 98
357 125
357 213
357 358
357 726
357 799
357 976
359 412
359 761
359 787
359 868
359 932
359 959
360 341
360 490
360 630
360 745
360 864
361 228
361 229
361 350
361 413
361 475
361 493
361 608
361 693
361 766
361 861
361 867
361 896
362 464
362 785
362 930
363 75
363 362
363 456
363 499
363 560
363 938
363 990
364 45
364 104
364 649
364 801
364 836
364 926
364 981
365 53
366 324
366 423
366 518
366 538
366 764
367 10
367 18
367 46
367 218
367 396
367 516
367 552
367 558
367 743
367 773
367 893
367 952
368 136
368 154
368 335
368 502
368 701
368 799
368 856
368 966
369 19
369 543
369 574
370 83
370 112
370 248
370 981
371 51
371 328
371 708
371 719
371 809
371 922
372 40
372 170
372 699
372 786
372 804
372 883
372 926
373 51
373 250
373 407
373 475
373 730
373 810
373 813
373 832
373 836
373 939
373 960
373 987
373 994
375 33
375 155
375 279
375 337
375 443
375 493
375 514
375 525
375 565
375 575
375 611
375 682
375 743
376 32
376 137
376 198
376 217
376 297
376 517
376 708
376 891
378 16
378 47
378 154
378 310
378 511
378 727
378 779
378 848
378 873
379 97
379 131
379 253
379 254
379 351
379 383
379 432
379 438
379 478
379 801
379 932
379 952
380 7
380 12
380 79
380 100
380 133
380 190
380 355
380 398
380 460
380 516
380 572
380 589
380 663
380 671
380 673
380 866
380 867
380 955
381 569
381 648
381 753
381 786
381 853
381 885
382 22
382 187
382 227
382 358
382 490
382 851
382 977
382 988
383 930
384 14
384 23
384 52
384 196
384 576
384 731
384 864
384 868
384 932
384 991
385 41
385 46
385 277
385 372
385 379
385 404
385 531
385 633
385 887
385 917
386 617
387 7
387 314
387 436
387 470
387 497
387 554
387 710
387 714
387 734
387 795
387 879
387 903
387 936
387 966
388 113
388 137
388 214
388 219
388 222
388 345
388 365
388 465
388 472
388 574
388 624
388 635
388 649
388 672
388 799
389 76
389 617
389 704
390 920
392 36
392 533
392 662
393 103
393 137
393 196
393 426
393 524
393 747
393 792
393 846
393 879
394 206
394 209
394 272
394 438
394 551
394 566
394 579
394 601
394 699
394 933
395 100
395 105
395 209
395 431
395 576
395 796
395 955
396 18
396 317
396 399
396 623
396 650
396 661
396 706
396 809
396 930
396 989
397 82
397 161
397 218
397 323
397 354
397 371
397 659
397 884
397 903
399 338
399 538
399 572
400 21
400 105
400 326
400 480
400 551
400 653
400 840
400 948
401 8
401 46
401 276
401 405
401 626
401 630
401 706
401 731
401 748
401 807
401 828
401 848
401 954
401 955
401 973
401 997
402 820
403 339
404 4
404 107
404 341
404 645
406 179
406 619
406 864
406 875
407 147
407 219
407 242
407 313
407 362
407 603
407 818
407 881
408 25
408 44
408 104
408 317
408 513
408 520
408 555
408 864
408 897
409 402
409 534
410 22
410 214
410 431
410 641
410 766
410 808
410 927
410 972
410 991
411 726
411 911
413 8
413 151
413 644
414 41
414 149
414 213
414 398
414 407
414 583
414 873
414 949
414 966
415 398
415 456
415 884
416 139
416 158
416 204
416 308
416 325
416 378
416 385
416 451
416 514
416 557
416 587
416 702
416 725
416 733
416 743
416 775
416 813
416 857
416 864
416 919
417 312
417 360
417 537
418 28
418 297
418 303
418 397
418 581
418 641
418 761
418 995
419 405
420 21
420 367
420 387
420 438
420 596
420 708
420 777
420 885
420 973
420 982
421 570
421 673
421 738
421 817
421 913
422 282
422 302
422 309
422 347
422 708
422 967
423 114
423 225
423 405
423 644
423 831
424 865
425 31
425 235
425 417
425 685
425 724
425 881
425 886
427 368
427 631
427 901
427 923
427 943
427 977
428 62
428 196
428 346
428 456
428 486
428 782
428 804
429 750
429 927
429 965
430 117
430 144
430 293
430 396
430 432
430 459
430 601
430 609
430 734
430 770
430 772
430 831
430 890
430 966
430 971
431 820
432 505
432 652
433 122
433 358
434 279
434 312
434 326
434 565
434 628
435 187
435 270
435 278
435 638
435 952
436 88
436 242
436 432
436 628
436 859
437 23
437 146
437 185
437 560
437 762
437 787
437 932
438 530
438 576
438 581
438 809
438 953
438 998
439 4
439 51
439 332
439 342
439 565
439 718
439 820
439 856
439 930
440 62
440 168
440 226
440 247
440 390
440 515
440 744
440 937
441 11
441 176
441 525
441 582
441 811
441 967
442 153
442 198
442 267
442 326
442 354
442 443
442 459
442 548
442 560
442 685
442 740
442 762
442 884
443 87
443 104
443 182
443 255
443 259
443 328
443 407
443 412
443 459
443 474
443 774
443 883
444 160
444 241
444 652
444 780
444 864
444 888
445 11
445 220
445 292
445 371
445 443
445 512
445 580
445 660
445 714
445 798
445 845
445 923
445 945
445 964
445 977
446 18
446 161
446 322
446 573
446 592
446 774
446 891
446 897
446 937
446 978
446 1000
447 36
447 351
447 662
447 779
447 991
448 106
448 278
448 676
448 726
448 797
448 862
448 872
449 61
449 662
449 689
449 719
449 760
449 934
450 54
450 166
450 175
450 305
450 331
450 365
450 482
450 524
450 539
450 658
450 690
450 727
450 731
451 383
451 411
451 706
452 505
452 862
453 161
453 507
453 610
453 719
453 888
453 911
454 32
454 77
454 254
454 708
454 764
455 207
455 405
455 665
455 696
456 849
456 861
457 825
458 636
459 39
459 156
459 534
459 577
459 658
459 719
459 772
460 4
460 61
460 159
460 263
460 297
460 360
460 563
460 860
460 926
461 17
461 169
461 255
461 396
461 493
461 657
461 945
462 23
462 128
462 141
462 162
462 195
462 253
462 399
462 410
462 432
462 449
462 619
462 648
462 689
462 741
463 22
463 30
463 156
463 225
463 269
463 475
463 680
463 826
463 904
465 11
465 347
465 349
465 535
465 662
465 766
465 905
465 977
465 995
466 17
466 335
466 350
466 537
466 856
467 142
467 414
467 773
468 4
468 21
468 168
468 455
468 610
468 701
469 5
469 132
469 377
469 489
469 677
469 723
469 747
469 860
470 170
470 229
470 339
470 474
470 590
471 141
471 201
471 633
471 668
471 673
471 891
471 911
472 9
472 61
472 123
472 220
472 478
473 122
473 250
473 278
473 285
473 399
473 404
473 459
473 555
473 705
473 739
473 757
473 797
473 945
474 52
474 105
474 490
474 603
474 685
474 708
475 405
475 618
475 724
475 753
475 866
475 882
476 91
476 590
476 667
476 766
476 891
477 13
477 217
477 277
477 406
477 505
477 521
477 781
477 812
477 841
478 759
478 825
478 911
478 943
479 27
479 95
479 177
479 213
479 282
479 538
479 655
479 682
479 748
479 832
479 875
479 905
479 908
479 962
479 978
480 96
480 133
480 184
480 225
480 268
480 406
480 919
482 14
482 39
482 53
482 62
482 157
482 219
482 254
482 312
482 369
482 391
482 473
482 508
482 578
482 651
482 698
482 800
482 874
483 40
483 60
483 109
483 201
483 315
483 322
483 382
483 665
483 697
483 808
483 964
483 987
484 19
484 362
484 458
484 473
484 478
484 761
484 949
484 978
485 5
485 110
485 281
485 377
485 456
485 497
485 681
485 768
486 41
486 122
486 168
486 221
486 365
486 464
486 541
486 711
486 733
486 856
486 887
486 913
488 61
488 68
488 87
488 297
488 317
488 622
488 710
488 726
488 747
488 989
489 9
489 25
489 210
489 358
489 578
489 811
490 88
490 714
491 149
491 727
492 219
492 563
492 603
492 659
492 801
492 934
493 204
493 227
493 261
493 271
493 704
493 819
493 851
494 4
494 245
494 652
494 977
495 21
495 112
495 223
495 290
495 310
495 662
495 717
495 812
495 831
496 161
496 347
496 433
496 633
496 663
496 898
498 43
498 114
498 142
498 168
498 372
498 441
498 490
498 551
498 553
498 557
498 582
498 741
498 894
498 994
500 137
500 161
500 206
500 235
500 341
500 370
500 607
500 698
500 713
500 735
500 946
501 16
501 58
501 139
501 153
501 369
501 495
501 588
501 711
501 917
501 932
502 183
502 276
502 389
502 504
502 589
502 699
503 32
503 41
503 144
503 232
503 235
503 315
503 600
503 666
503 671
503 751
503 856
503 879
503 970
506 187
506 395
506 504
506 512
506 860
507 390
507 864
508 6
508 20
508 51
508 282
508 424
508 566
509 21
509 82
509 221
509 374
509 379
509 621
509 661
509 669
509 968
509 978
510 29
510 85
510 269
510 397
510 414
510 472
510 513
510 610
510 623
510 678
510 690
510 842
510 930
511 9
511 159
511 936
512 267
512 625
512 714
512 727
512 887
512 934
513 19
513 581
513 692
513 864
513 927
513 937
514 296
514 352
514 432
514 632
514 689
514 705
514 875
515 683
515 688
515 898
516 24
516 38
516 282
516 433
516 633
516 733
516 810
516 860
516 922
516 995
517 9
517 26
517 204
517 355
517 404
517 494
517 719
518 275
518 405
518 917
519 39
519 82
519 104
519 184
519 213
519 268
519 460
519 624
519 786
519 851
520 339
520 382
520 390
520 542
520 572
520 581
520 880
520 884
520 911
520 950
521 310
521 850
521 927
522 109
522 391
522 432
522 626
523 139
523 168
523 248
523 428
523 600
523 808
523 923
523 994
524 481
524 578
524 595
524 689
524 718
524 764
524 865
524 876
524 878
524 986
525 540
526 368
526 423
526 499
526 628
526 644
526 666
526 711
526 722
526 775
526 843
526 937
527 263
527 270
527 538
527 559
527 593
527 751
527 785
527 930
527 966
528 67
528 179
528 209
528 471
528 563
528 671
528 772
528 786
528 874
528 934
528 978
529 424
530 69
530 242
530 270
530 399
530 525
530 586
531 61
531 175
531 497
531 681
532 180
532 185
532 314
532 354
532 464
532 692
532 814
532 939
534 142
534 950
535 424
535 683
535 727
535 860
535 862
535 864
536 543
536 667
536 949
537 374
538 62
539 77
539 88
539 190
539 377
539 432
539 534
539 563
539 827
539 862
539 925
539 996
540 950
541 80
541 104
541 164
541 277
541 529
541 725
541 997
542 504
542 683
542 865
542 916
543 249
543 341
543 377
543 419
543 487
544 213
544 284
544 424
544 737
544 796
544 965
545 49
545 221
545 351
545 355
545 527
545 582
545 625
545 671
545 725
545 766
545 815
545 869
546 4
546 26
546 308
548 23
548 69
548 158
548 389
548 423
548 733
548 834
548 883
548 968
548 991
549 349
549 504
549 555
550 719
550 834
550 840
550 924
551 87
551 878
554 31
554 88
554 186
554 213
554 247
554 310
554 368
554 609
554 661
554 865
554 890
554 935
555 645
555 920
556 124
556 139
556 359
556 410
556 444
556 465
556 546
556 549
556 550
556 651
556 789
556 919
556 934
557 11
557 131
557 259
557 505
557 719
557 760
557 809
557 981
558 280
558 404
558 524
558 809
558 814
558 927
558 989
559 869
560 112
560 481
560 594
560 596
560 731
560 861
560 871
561 246
561 315
561 344
561 517
561 565
561 641
561 718
561 734
561 746
562 77
562 542
562 954
563 5
563 634
563 662
563 710
565 187
565 515
566 88
566 534
566 615
566 696
566 700
566 820
566 849
566 869
566 920
566 989
567 70
567 313
567 325
567 599
567 657
567 753
567 794
568 107
568 231
568 386
568 498
568 721
568 818
568 861
568 882
568 981
569 252
569 476
569 598
569 658
569 717
569 855
569 891
569 916
569 945
571 65
571 96
571 258
571 407
571 444
571 737
571 748
571 788
571 937
571 956
571 960
572 481
573 245
573 341
573 771
573 922
574 76
574 861
575 14
575 590
576 160
576 254
576 525
576 537
577 718
577 926
578 862
579 45
579 82
579 132
579 618
579 634
579 846
579 899
579 919
579 925
580 51
580 264
580 335
580 438
580 633
580 705
580 752
580 753
581 76
581 594
582 399
582 650
582 667
582 801
582 925
583 249
583 389
584 431
585 17
585 91
585 351
585 409
585 625
585 665
586 53
586 490
586 950
587 27
587 136
587 137
587 235
587 399
587 409
587 440
587 499
587 660
587 705
587 759
587 763
587 786
587 950
587 954
588 50
588 51
588 151
589 898
590 110
590 374
590 426
591 187
591 198
591 317
591 413
591 444
591 667
591 810
591 887
591 904
592 608
592 711
592 780
592 812
592 897
593 241
593 309
593 734
593 785
595 686
595 799
595 834
595 849
595 883
596 706
596 727
596 917
597 60
597 110
597 139
597 146
597 163
597 210
597 349
597 616
597 747
597 763
598 39
598 318
598 563
598 843
599 29
599 31
599 190
599 314
599 570
599 699
599 809
599 869
599 884
600 147
600 165
600 211
600 275
600 334
600 495
600 652
600 844
601 540
602 5
602 23
602 121
602 141
602 149
602 157
602 179
602 302
602 426
602 465
602 478
602 518
602 562
602 608
602 650
602 746
602 795
602 856
602 940
602 945
602 972
604 378
604 525
604 633
604 644
604 650
604 679
604 882
604 891
605 110
605 180
605 488
605 511
605 633
605 761
606 7
606 20
606 56
606 331
606 460
606 565
606 897
606 953
607 24
607 275
607 377
607 402
607 499
607 517
607 545
607 555
607 613
607 624
607 763
607 866
607 901
607 966
607 974
608 180
608 241
608 280
608 364
608 396
608 555
608 582
608 671
608 790
608 868
609 79
609 104
609 164
609 583
609 647
609 878
609 888
609 899
609 924
609 987
610 22
610 36
610 614
611 148
611 279
611 390
611 575
611 633
611 661
611 760
612 43
612 114
612 193
612 323
612 340
612 446
612 586
612 743
612 902
613 409
613 505
613 543
614 920
615 334
615 537
615 574
615 590
615 827
615 849
616 137
616 186
616 460
616 636
616 723
616 724
616 834
616 864
618 223
618 270
618 414
618 566
618 723
618 936
619 760
619 925
619 996
620 105
620 132
620 168
620 228
620 246
620 370
620 497
620 542
620 658
620 704
620 745
620 780
620 925
621 76
621 315
621 349
621 406
621 505
621 659
621 818
622 108
622 138
622 433
622 460
622 477
622 527
622 733
622 847
623 276
623 389
623 514
623 543
623 652
623 789
623 884
623 892
623 917
624 537
625 13
625 586
625 781
625 972
626 574
626 875
627 763
627 767
627 930
628 906
629 207
629 221
629 230
629 546
630 61
630 402
630 552
631 525
631 595
631 757
632 129
632 451
632 876
633 214
633 249
633 360
633 369
633 534
633 596
634 481
634 540
634 825
634 924
635 80
635 129
635 133
635 241
635 297
635 444
635 560
635 815
637 126
637 192
637 198
637 353
637 382
637 468
637 519
637 557
637 578
637 645
637 671
637 727
637 814
637 816
638 279
639 14
639 20
639 141
639 190
639 248
639 334
639 341
640 386
640 424
640 818
641 126
641 142
641 351
641 362
641 537
641 563
641 906
641 981
642 29
642 193
642 201
642 284
642 466
642 553
642 684
642 751
642 798
643 189
643 374
643 619
643 652
643 768
643 901
643 977
644 229
644 431
645 578
645 714
646 131
646 308
646 339
646 531
646 576
646 738
646 781
646 920
647 365
647 459
647 592
647 711
647 723
647 817
647 848
648 109
648 112
648 136
648 306
648 340
648 411
648 457
648 574
648 588
648 719
648 763
648 780
648 799
648 936
649 20
649 100
649 667
649 866
650 24
650 213
650 278
650 424
650 603
650 726
650 884
651 24
651 38
651 314
651 411
651 439
651 456
651 552
651 627
651 648
651 686
651 759
651 836
651 855
651 889
653 168
653 338
653 497
653 570
653 574
653 630
653 714
653 844
653 865
654 8
654 156
654 163
654 167
654 204
654 310
654 336
654 548
654 693
654 766
655 15
655 87
655 214
655 270
655 271
655 275
655 305
655 432
655 441
655 475
655 536
655 586
655 701
655 835
655 931
656 40
656 125
656 138
656 377
656 447
656 820
656 882
657 549
657 883
657 906
657 930
657 967
658 688
658 932
659 497
660 70
660 153
660 185
660 326
660 378
660 465
660 950
660 961
660 974
660 986
661 53
661 213
661 334
661 916
662 402
662 578
664 183
664 391
664 392
664 799
665 289
665 702
665 898
666 94
666 142
666 224
666 460
666 516
666 876
666 964
666 972
667 22
667 76
667 534
668 275
668 424
668 888
669 139
669 204
669 209
669 497
669 659
669 883
670 208
670 530
670 628
670 906
671 5
671 217
671 224
671 405
671 649
671 714
671 750
672 3
672 5
672 79
672 181
672 290
672 340
672 700
672 750
672 936
673 157
674 552
674 999
675 26
675 288
675 507
675 552
675 822
675 848
675 860
675 942
676 59
676 138
676 219
676 224
676 238
676 247
676 263
676 264
676 272
676 355
676 366
676 390
676 515
676 976
677 17
677 108
677 242
677 422
677 512
677 603
677 668
677 682
678 36
678 183
678 218
678 310
678 601
678 831
679 122
679 246
679 343
679 441
680 41
680 76
680 196
680 226
680 328
680 370
680 389
680 504
680 542
680 611
680 708
680 901
680 948
681 402
681 518
681 751
682 39
682 46
682 218
682 251
682 344
682 369
682 403
682 439
682 633
682 864
682 889
683 59
683 464
684 25
684 56
684 324
684 399
684 403
684 584
684 624
684 648
685 149
685 662
685 738
686 883
687 22
687 275
687 504
687 547
687 552
687 840
687 911
688 308
688 347
688 431
688 490
688 686
688 913
688 949
689 628
690 570
690 922
690 995
691 11
691 56
691 135
691 328
691 351
691 400
691 435
691 440
691 492
691 498
691 643
691 689
691 702
691 805
691 850
691 927
692 177
692 431
692 583
693 66
693 115
693 203
693 229
693 242
693 308
693 402
693 552
693 674
693 759
693 957
693 977
694 179
694 417
694 536
694 608
694 629
694 759
694 803
694 828
694 966
695 149
695 543
695 751
695 936
696 133
696 279
696 474
696 515
696 869
697 113
697 254
697 326
697 370
697 699
697 786
697 809
697 984
698 68
698 199
698 426
698 458
698 576
698 699
698 927
698 939
698 948
698 981
699 419
699 513
699 781
699 865
699 884
699 919
699 986
700 70
700 525
700 859
701 157
701 727
701 764
702 76
702 662
702 906
703 86
703 211
703 332
703 469
703 472
703 569
703 570
703 740
703 779
703 961
705 374
705 505
705 731
707 80
707 81
707 106
707 521
707 613
707 676
707 688
707 779
708 32
708 213
708 426
708 704
708 753
709 75
709 114
709 193
709 199
709 219
709 222
709 252
709 382
709 397
709 580
709 645
709 652
709 704
709 779
709 834
709 851
710 309
710 859
711 53
711 176
711 323
711 582
711 593
711 780
712 43
712 48
712 134
712 195
712 206
712 278
712 366
712 407
712 547
712 561
712 573
712 915
712 928
712 940
713 19
713 61
713 187
713 323
713 426
713 473
713 524
713 613
713 767
713 930
714 383
715 97
715 149
715 197
715 253
715 405
715 411
715 431
715 713
715 772
715 814
715 993
716 18
716 323
717 237
717 513
717 653
717 984
718 20
718 151
718 457
718 949
719 159
719 254
719 539
719 653
720 71
720 109
720 161
720 172
720 179
720 195
720 341
720 538
720 585
720 589
720 722
720 977
721 84
721 87
721 123
721 134
721 171
721 198
721 255
721 326
721 604
721 700
721 827
721 859
721 927
721 952
722 129
722 168
722 434
722 775
722 961
722 999
723 91
723 333
723 424
723 696
724 538
724 583
724 742
725 18
725 30
725 177
725 426
725 577
725 780
725 814
725 816
726 326
726 875
727 13
727 208
727 436
727 534
727 686
727 726
727 820
727 924
728 60
728 91
728 107
728 262
728 483
728 487
728 582
728 660
728 885
728 893
729 252
729 266
729 277
729 280
729 281
729 348
729 414
729 515
729 576
729 585
729 596
729 699
729 718
729 724
729 725
729 726
730 274
730 491
730 530
730 564
730 699
730 726
730 854
730 958
730 1000
732 412
732 456
732 460
732 514
732 628
732 667
732 775
732 920
732 978
733 213
733 405
733 414
733 664
733 760
733 793
733 855
733 898
734 704
734 906
735 8
735 30
735 90
735 208
735 254
735 457
735 475
735 572
735 639
735 650
736 5
736 237
736 248
736 262
736 348
736 351
736 365
736 399
736 430
736 452
736 490
736 573
736 915
737 4
737 150
737 160
737 350
737 392
737 495
737 545
737 546
737 573
737 624
737 692
737 832
737 979
738 402
738 862
739 296
739 298
739 668
739 673
739 945
740 82
740 570
740 708
741 22
741 162
741 185
741 270
741 374
741 377
741 576
741 753
741 779
741 955
742 391
742 883
743 96
743 370
743 546
743 710
743 785
743 927
743 931
744 100
744 403
744 745
744 761
744 952
745 383
745 771
745 981
746 253
746 350
746 578
746 582
746 595
746 717
746 835
746 898
746 963
746 996
747 6
747 17
747 22
747 61
747 202
747 344
747 441
747 501
747 539
747 603
747 669
747 674
747 742
747 917
748 241
748 415
748 725
748 873
748 939
748 998
749 45
749 108
749 155
749 435
749 531
749 668
749 949
749 951
749 986
750 241
750 906
751 53
752 184
752 213
752 374
752 405
752 537
752 786
752 809
753 431
754 104
754 108
754 314
754 799
754 811
755 42
755 128
755 136
755 220
755 459
755 502
755 507
755 553
755 596
755 656
755 748
755 820
755 896
755 951
756 317
756 340
756 369
756 421
756 480
756 588
756 613
756 659
757 553
757 564
757 734
757 888
758 229
758 320
758 397
758 482
758 495
758 569
758 682
758 750
758 776
758 855
758 998
759 11
759 91
759 252
759 411
759 452
759 615
759 927
760 157
760 998
761 110
761 553
761 780
761 903
761 916
762 62
762 141
762 247
762 673
762 789
763 275
763 326
764 230
765 386
765 630
766 175
766 453
766 537
766 617
766 668
766 859
768 133
768 227
768 279
768 310
768 415
768 584
768 875
769 11
769 190
769 270
769 323
769 455
769 723
769 741
770 68
770 82
770 90
770 124
770 192
770 383
770 466
770 495
770 498
770 556
770 600
770 750
770 817
771 865
772 324
772 328
772 407
772 572
772 690
772 738
772 867
773 38
773 115
773 557
773 594
773 634
773 790
773 799
773 827
774 60
774 302
774 432
774 451
774 478
774 768
774 925
775 142
775 210
775 228
775 624
775 836
775 959
776 14
776 334
776 369
776 861
777 144
777 251
777 254
777 371
777 505
777 516
777 559
777 848
777 891
777 957
778 131
778 164
778 318
778 334
778 504
778 508
778 518
778 540
778 552
778 829
778 989
779 125
779 160
779 227
779 525
779 965
780 825
780 827
781 88
782 41
782 65
782 297
782 400
782 696
782 845
782 850
782 869
783 129
783 136
783 141
783 161
783 296
783 377
783 481
783 491
783 513
783 789
783 827
784 115
784 221
784 256
784 349
784 528
784 557
784 561
784 660
784 761
784 842
784 872
784 919
784 938
784 972
785 76
785 275
785 499
785 538
785 617
785 659
786 18
787 36
787 296
787 333
787 525
787 761
787 925
788 403
789 883
790 91
790 247
790 338
790 875
790 884
791 14
791 214
791 238
791 247
791 253
791 347
791 557
791 598
791 805
791 836
792 52
792 123
792 239
792 260
792 286
792 701
792 776
792 809
792 926
792 993
793 533
794 98
794 100
794 344
794 432
794 572
794 626
794 662
794 819
794 882
795 250
795 333
795 405
795 458
795 517
795 588
795 594
795 687
795 801
795 809
795 884
796 564
796 924
797 107
797 142
797 543
797 572
798 70
798 170
798 452
798 487
798 557
798 742
798 840
798 906
799 309
799 701
799 861
800 22
800 78
800 102
800 136
800 218
800 225
800 235
800 247
800 279
800 441
800 556
800 862
800 954
801 18
801 230
801 644
801 650
801 771
802 267
802 470
802 665
802 692
802 745
802 768
802 779
802 820
802 937
802 969
803 39
803 227
803 308
803 738
803 954
803 988
804 41
804 61
804 77
804 431
804 570
804 875
804 981
805 26
805 112
805 189
805 619
805 705
805 865
806 58
806 239
806 267
806 268
806 354
806 367
806 397
806 454
806 476
806 565
806 697
806 716
806 804
806 888
806 970
806 989
807 32
807 77
807 124
807 209
807 368
807 414
807 472
807 485
807 640
807 896
807 956
808 5
808 105
808 399
808 444
808 480
808 519
808 670
808 801
808 886
808 998
809 530
809 534
809 667
809 731
810 247
810 688
810 950
810 962
810 996
811 53
811 767
812 8
812 289
812 350
812 601
813 4
813 29
813 38
813 344
813 466
813 547
813 579
813 617
813 651
813 670
814 302
814 573
814 586
814 818
814 888
815 77
815 107
815 183
815 718
815 764
815 804
815 832
816 30
816 153
816 221
816 227
816 357
816 538
816 692
816 760
816 767
816 799
817 552
817 584
817 624
817 859
817 959
818 419
819 5
819 151
819 153
819 403
819 555
819 681
819 856
821 28
821 47
821 382
821 412
821 457
821 570
821 582
821 738
821 872
821 938
821 956
822 214
822 308
822 386
822 781
822 786
822 860
823 146
823 262
823 358
823 456
823 485
823 549
823 600
823 770
823 926
824 12
824 45
824 114
824 168
824 210
824 289
824 449
824 504
824 525
824 590
824 750
824 887
826 25
826 148
826 322
826 409
826 523
826 687
826 732
826 771
826 877
826 882
826 899
828 23
828 211
828 405
828 414
829 49
829 53
829 601
829 634
829 684
829 799
829 835
829 1000
830 82
830 156
830 161
830 425
830 625
830 705
830 763
830 769
830 793
830 972
831 347
831 350
831 518
831 999
832 335
832 358
832 433
832 797
833 207
833 687
833 922
834 533
834 920
835 5
835 62
835 159
835 225
835 348
835 768
835 789
835 861
836 781
836 976
837 108
837 182
837 352
837 632
837 658
837 805
837 878
837 924
838 1
838 35
838 376
838 469
838 479
838 531
838 674
838 680
838 704
838 770
838 808
838 811
838 815
838 823
838 861
838 936
838 944
838 963
839 24
839 43
839 165
839 217
839 326
839 482
839 573
839 579
839 588
839 810
839 857
840 555
840 796
841 14
841 80
841 768
841 799
841 956
841 961
841 994
842 6
842 124
842 744
842 833
842 931
843 347
843 673
844 219
844 326
844 731
844 937
845 9
845 213
845 557
845 640
845 766
846 123
846 175
846 196
846 624
846 657
846 833
846 955
847 8
847 229
847 543
847 577
847 580
847 646
847 768
847 853
847 883
847 937
847 953
848 28
848 184
848 196
848 245
848 583
848 697
848 760
848 878
848 887
848 903
850 452
850 577
850 619
850 692
850 701
851 108
851 224
851 565
851 589
851 601
851 625
851 645
851 667
851 673
851 864
852 164
852 175
852 387
852 407
852 519
852 611
852 905
852 915
852 925
852 987
853 141
853 314
853 760
853 764
853 779
853 835
853 871
853 1000
854 103
854 136
854 180
854 297
854 436
854 766
854 797
854 810
854 833
854 855
854 879
854 908
854 927
855 45
855 105
855 249
855 306
855 522
856 196
856 383
856 827
856 869
857 88
857 347
857 540
857 575
858 128
858 256
858 271
858 272
858 391
858 456
858 481
858 739
858 989
860 23
860 179
860 242
860 581
860 714
860 840
861 61
861 237
861 958
861 972
862 339
863 58
863 164
863 236
863 329
863 389
863 644
863 661
863 917
864 859
865 925
866 36
866 51
867 26
867 137
867 196
867 202
867 264
867 370
868 105
868 369
868 392
868 706
868 742
868 810
868 812
868 892
868 948
869 811
870 85
870 115
870 167
870 379
870 382
870 411
870 531
870 580
870 625
870 662
870 739
870 973
871 157
871 179
871 190
871 241
871 314
871 582
871 763
871 981
872 254
872 398
872 632
874 100
874 148
874 220
874 396
874 744
874 952
874 972
875 412
875 674
875 686
875 959
876 69
876 96
876 104
876 433
876 763
877 296
877 392
877 478
877 625
877 947
877 952
878 14
878 76
878 586
878 771
878 811
879 73
879 126
879 238
879 412
879 532
879 603
879 636
879 742
879 814
879 908
879 985
880 88
880 91
880 333
880 342
880 452
880 855
880 913
881 20
881 96
881 105
881 603
882 28
882 32
882 398
882 543
882 559
882 603
882 652
882 667
882 724
882 738
882 862
884 142
884 617
885 184
885 366
885 466
885 665
885 942
886 141
886 237
887 278
887 409
887 645
887 658
887 718
887 953
888 409
888 760
889 36
889 88
889 91
889 390
889 419
889 518
889 674
889 710
889 817
889 820
889 843
890 75
890 97
890 157
890 158
890 210
890 220
890 312
890 397
890 544
890 593
890 613
890 819
890 870
890 891
890 967
891 59
891 481
891 734
891 816
892 389
892 504
892 959
893 179
893 413
893 438
893 457
893 625
893 717
893 742
893 810
893 887
894 98
894 583
894 584
894 794
894 993
895 148
895 283
895 329
895 474
895 500
895 514
895 658
895 841
895 892
895 927
895 935
896 112
896 176
896 182
896 190
896 224
896 312
896 322
896 366
896 572
896 850
896 916
896 979
896 995
897 131
897 275
897 543
898 913
899 23
899 108
899 573
899 578
899 809
899 831
899 875
900 10
900 11
900 87
900 89
900 167
900 218
900 269
900 505
900 544
900 709
900 747
900 859
900 879
900 919
901 16
901 249
901 272
901 406
901 785
901 886
902 26
902 104
902 386
902 405
902 451
902 601
902 626
902 633
903 339
903 402
903 436
903 989
904 155
904 287
904 406
904 551
904 594
904 795
904 908
904 935
904 953
905 276
905 717
907 46
907 324
907 385
907 447
907 485
907 620
907 695
907 762
907 865
907 925
908 28
908 82
908 109
908 247
908 303
908 322
908 345
908 474
908 651
908 668
908 719
908 862
908 869
908 979
909 161
909 173
909 274
909 425
909 438
909 475
909 495
909 625
909 655
909 658
909 744
909 827
909 882
909 924
909 934
910 21
910 347
910 362
910 369
910 485
910 499
910 653
910 714
910 757
910 781
910 901
912 113
912 219
912 380
912 463
912 528
912 737
912 765
912 792
912 826
912 830
912 915
912 974
914 79
914 124
914 149
914 356
914 382
914 408
914 555
914 638
914 642
914 760
914 773
914 779
914 789
914 880
914 908
915 16
915 170
915 339
915 352
915 557
915 560
915 787
915 812
915 911
915 925
915 945
915 953
918 20
918 279
918 351
918 366
918 539
918 946
918 958
919 564
919 630
921 15
921 100
921 255
921 284
921 421
921 596
921 644
921 696
921 954
921 978
922 59
922 275
922 464
922 505
922 578
922 704
923 175
923 310
923 537
923 767
923 916
923 920
926 13
926 409
926 474
926 751
928 12
928 123
928 138
928 325
928 444
928 445
928 476
928 612
928 833
928 845
928 846
929 32
929 56
929 96
929 149
929 175
929 180
929 187
929 226
929 319
929 324
929 341
929 423
929 465
929 532
929 606
929 636
929 693
929 722
929 837
929 985
929 988
931 312
931 313
931 340
931 581
931 771
931 786
931 889
931 950
932 187
932 249
933 67
933 248
933 251
933 596
933 836
933 867
933 891
933 976
933 1000
934 190
934 583
935 179
935 279
935 540
935 702
935 888
936 122
936 306
936 386
936 683
936 714
936 836
938 136
938 204
938 328
938 533
938 578
938 870
939 999
940 177
940 213
940 274
940 347
940 417
940 439
940 577
940 659
940 688
940 931
940 976
941 64
941 109
941 242
941 261
941 473
941 582
941 624
941 763
941 810
941 924
941 952
942 249
942 976
943 14
943 114
943 147
943 153
943 525
943 553
943 621
943 644
943 706
944 168
944 177
944 202
944 270
944 308
944 457
944 513
944 551
944 850
945 731
945 766
945 840
945 862
945 919
945 987
946 5
946 17
946 206
946 282
946 572
946 603
946 779
947 53
947 161
947 208
947 224
947 355
947 550
947 636
947 765
947 825
948 533
948 843
948 862
948 924
951 10
951 262
951 458
951 661
951 727
951 752
951 795
951 967
951 981
952 351
952 399
952 412
952 576
952 621
952 659
952 927
953 31
953 50
953 142
953 159
953 270
953 426
953 595
953 978
954 22
954 634
955 998
956 298
956 354
956 575
956 641
956 708
956 845
957 66
957 193
957 335
957 579
957 588
957 595
957 614
957 799
957 924
959 88
959 289
959 350
960 104
960 137
960 215
960 276
960 353
960 431
960 481
960 539
960 819
960 892
960 913
960 914
960 917
961 193
961 267
961 275
961 621
961 659
961 888
961 944
961 989
962 28
962 309
962 646
963 22
963 41
963 110
963 254
963 515
964 13
964 77
964 102
964 131
964 199
964 248
964 569
964 585
964 812
964 827
964 882
965 114
965 399
965 734
965 919
966 87
967 456
967 538
967 811
967 883
968 414
968 699
968 919
969 35
969 141
969 196
969 227
969 247
969 317
969 327
969 333
969 351
969 386
969 448
969 465
969 466
969 469
969 777
970 8
970 142
970 148
970 168
970 348
970 354
970 382
970 449
970 555
970 641
970 865
970 891
971 20
971 406
971 601
971 645
971 999
972 237
972 499
973 97
973 104
973 141
973 160
973 176
973 624
973 710
974 132
974 228
974 309
974 497
974 764
974 878
975 71
975 109
975 532
975 553
975 613
975 731
975 811
975 897
975 945
975 955
975 958
975 965
976 142
977 225
977 581
977 897
978 26
978 159
978 683
978 734
978 797
979 19
979 131
979 731
980 101
980 144
980 176
980 352
980 442
980 481
980 717
980 734
980 791
980 807
980 815
980 886
980 904
981 30
981 59
981 254
981 282
981 575
981 674
981 742
982 115
982 132
982 467
982 520
982 702
982 779
983 46
983 77
983 109
983 132
983 184
983 256
983 267
983 329
983 422
983 436
983 477
983 490
983 780
983 847
983 856
983 892
983 896
983 919
983 939
983 986
984 109
984 350
984 464
984 547
985 170
985 217
985 239
985 282
985 332
985 372
985 382
985 438
985 619
985 668
985 723
985 773
986 280
986 306
986 873
987 136
987 149
987 249
987 252
987 785
987 850
988 82
988 85
988 142
988 151
988 280
988 404
988 429
988 631
988 781
988 881
989 157
990 96
990 116
990 241
990 355
990 370
990 441
990 574
990 629
990 663
991 8
991 125
991 577
991 638
991 869
992 187
992 190
992 343
992 362
992 415
992 714
992 740
992 741
992 748
992 779
992 786
992 805
992 853
993 323
993 334
993 683
993 812
993 901
993 953
994 583
994 658
994 924
994 998
995 405
995 588
996 674
997 19
997 825
997 958
998 383
1000 51
1000 658
1000 760
1000 763
1000 962

_____________________________________
Critical path length: 323
A critical path: 240 802 969 469 747 501 58 78 220 520 382 851 108 695 936 306 856 196 23 984 109 578 862 339 499 
240 802 969 469 747 501 58 78 220 987 850 577 926 474 52 934 190 126 625 586 490 714 383 930 
Verified

Output:
323 40 2
1: 240 802 969 469 747 501 58 78 220 520 382 851 108 695 936 306 856 196 23 984 109 578 862 339 499 
2: 240 802 969 469 747 501 58 78 220 987 850 577 926 474 52 934 190 126 625 586 490 714 383 930 

Task	EC	LC	Slack
1	27	148	121
2	5	123	118
3	71	192	121
4	185	296	111
5	216	297	81
6	100	272	172
7	208	291	83
8	262	267	5
9	149	222	73
10	56	126	70
11	187	319	132
12	40	137	97
13	289	303	14
14	267	300	33
15	154	200	46
16	113	184	71
17	108	160	52
18	225	264	39
19	218	294	76
20	253	291	38
21	157	188	31
22	214	267	53
23	258	258	0
24	226	273	47
25	148	228	80
26	182	239	57
27	44	108	64
28	179	271	92
29	80	132	52
30	276	323	47
31	127	223	96
32	219	258	39
33	55	138	83
34	8	92	84
35	63	113	50
36	180	282	102
37	29	122	93
38	168	267	99
39	184	204	20
40	90	169	79
41	200	298	98
42	94	235	141
43	66	153	87
44	95	145	50
45	194	251	57
46	93	214	121
47	103	237	134
48	16	97	81
49	88	213	125
50	190	292	102
51	192	258	66
52	217	217	0
53	300	323	23
54	24	100	76
55	68	168	100
56	99	213	114
57	1	103	102
58	116	116	0
59	290	323	33
60	108	242	134
61	268	313	45
62	254	316	62
63	13	134	121
64	36	123	87
65	134	162	28
66	83	179	96
67	126	303	177
68	102	234	132
69	204	323	119
70	226	278	52
71	71	183	112
72	55	129	74
73	139	220	81
74	17	130	113
75	76	258	182
76	296	323	27
77	211	292	81
78	136	136	0
79	87	108	21
80	89	241	152
81	41	204	163
82	181	234	53
83	200	283	83
84	41	133	92
85	191	226	35
86	73	116	43
87	242	321	79
88	286	302	16
89	40	122	82
90	63	182	119
91	165	298	133
92	32	130	98
93	19	137	118
94	33	114	81
95	47	165	118
96	253	259	6
97	217	263	46
98	190	271	81
99	158	170	12
100	274	303	29
101	19	119	100
102	74	173	99
103	44	91	47
104	191	241	50
105	240	276	36
106	69	122	53
107	195	285	90
108	180	180	0
109	282	282	0
110	291	323	32
111	9	100	91
112	199	245	46
113	116	241	125
114	226	308	82
115	92	207	115
116	265	271	6
117	42	145	103
118	2	63	61
119	11	95	84
120	20	70	50
121	65	112	47
122	221	241	20
123	109	191	82
124	83	152	69
125	193	259	66
126	254	254	0
127	70	132	62
128	101	222	121
129	183	240	57
130	14	110	96
131	202	323	121
132	106	278	172
133	197	310	113
134	59	106	47
135	32	70	38
136	193	232	39
137	164	255	91
138	153	195	42
139	118	174	56
140	25	46	21
141	215	295	80
142	257	323	66
143	10	83	73
144	74	245	171
145	10	87	77
146	28	110	82
147	222	307	85
148	120	181	61
149	224	276	52
150	83	147	64
151	209	323	114
152	18	91	73
153	171	239	68
154	131	181	50
155	50	134	84
156	91	150	59
157	274	323	49
158	80	211	131
159	177	229	52
160	206	304	98
161	171	260	89
162	90	190	100
163	73	151	78
164	93	170	77
165	83	176	93
166	20	110	90
167	154	235	81
168	221	295	74
169	190	240	50
170	110	189	79
171	40	147	107
172	47	101	54
173	62	170	108
174	32	134	102
175	232	285	53
176	170	275	105
177	243	297	54
178	16	44	28
179	208	289	81
180	125	217	92
181	12	121	109
182	66	208	142
183	152	241	89
184	142	207	65
185	98	199	101
186	158	207	49
187	247	323	76
188	8	47	39
189	172	191	19
190	252	252	0
191	19	137	118
192	57	124	67
193	109	219	110
194	5	134	129
195	47	140	93
196	241	241	0
197	27	113	86
198	48	139	91
199	81	120	39
200	2	111	109
201	129	226	97
202	231	277	46
203	71	134	63
204	102	208	106
205	20	90	70
206	146	254	108
207	119	273	154
208	252	278	26
209	152	243	91
210	90	249	159
211	136	197	61
212	35	63	28
213	255	291	36
214	145	168	23
215	37	101	64
216	33	127	94
217	136	197	61
218	96	252	156
219	219	311	92
220	150	150	0
221	215	227	12
222	39	63	24
223	119	225	106
224	200	250	50
225	209	312	103
226	67	181	114
227	195	226	31
228	113	179	66
229	215	246	31
230	265	314	49
231	21	153	132
232	15	138	123
233	30	116	86
234	7	88	81
235	80	148	68
236	9	125	116
237	297	303	6
238	95	135	40
239	65	144	79
240	19	19	0
241	236	323	87
242	256	323	67
243	84	276	192
244	16	67	51
245	172	227	55
246	109	237	128
247	132	319	187
248	207	219	12
249	302	323	21
250	88	162	74
251	81	162	81
252	179	323	144
253	160	172	12
254	225	275	50
255	72	187	115
256	117	228	111
257	17	38	21
258	14	132	118
259	155	174	19
260	193	260	67
261	72	158	86
262	57	165	108
263	199	252	53
264	154	274	120
265	14	67	53
266	28	85	57
267	180	219	39
268	178	190	12
269	82	136	54
270	211	323	112
271	117	251	134
272	167	206	39
273	13	87	74
274	85	151	66
275	262	323	61
276	205	264	59
277	97	193	96
278	189	298	109
279	188	312	124
280	189	316	127
281	101	188	87
282	261	323	62
283	18	100	82
284	72	296	224
285	84	158	74
286	53	218	165
287	39	166	127
288	46	140	94
289	302	316	14
290	113	217	104
291	6	125	119
292	54	78	24
293	44	83	39
294	3	145	142
295	7	100	93
296	169	201	32
297	237	297	60
298	102	273	171
299	5	45	40
300	24	108	84
301	15	96	81
302	180	250	70
303	88	190	102
304	88	174	86
305	52	246	194
306	219	219	0
307	17	67	50
308	273	308	35
309	231	323	92
310	213	292	79
311	19	54	35
312	101	170	69
313	209	323	114
314	226	319	93
315	186	259	73
316	20	137	117
317	169	181	12
318	152	191	39
319	52	114	62
320	27	126	99
321	15	119	104
322	97	162	65
323	260	323	63
324	139	219	80
325	89	169	80
326	281	301	20
327	65	108	43
328	130	208	78
329	31	83	52
330	17	126	109
331	213	304	91
332	183	259	76
333	173	295	122
334	236	286	50
335	201	272	71
336	10	143	133
337	52	122	70
338	213	312	99
339	321	321	0
340	136	266	130
341	238	323	85
342	191	282	91
343	63	323	260
344	81	146	65
345	80	204	124
346	85	106	21
347	263	323	60
348	170	220	50
349	200	305	105
350	287	308	21
351	215	308	93
352	178	297	119
353	45	134	89
354	101	270	169
355	113	219	106
356	54	134	80
357	188	220	32
358	202	323	121
359	84	183	99
360	166	231	65
361	8	111	103
362	223	275	52
363	20	128	108
364	113	187	74
365	233	306	73
366	116	204	88
367	25	111	86
368	115	165	50
369	172	258	86
370	187	199	12
371	105	202	97
372	64	167	103
373	4	51	47
374	288	323	35
375	49	113	64
376	32	133	101
377	299	323	24
378	52	165	113
379	92	170	78
380	31	106	75
381	44	118	74
382	165	165	0
383	303	303	0
384	43	165	122
385	52	144	92
386	220	308	88
387	35	78	43
388	9	49	40
389	288	308	20
390	208	322	114
391	309	323	14
392	157	272	115
393	4	67	63
394	34	147	113
395	97	225	128
396	116	148	32
397	95	192	97
398	207	323	116
399	211	291	80
400	138	169	31
401	11	118	107
402	247	316	69
403	142	313	171
404	176	264	88
405	294	323	29
406	156	241	85
407	204	223	19
408	81	131	50
409	235	307	72
410	93	144	51
411	189	260	71
412	283	323	40
413	99	228	129
414	184	203	19
415	198	259	61
416	17	81	64
417	83	152	69
418	80	180	100
419	291	320	29
420	17	60	43
421	72	278	206
422	83	239	156
423	197	228	31
424	212	312	100
425	39	137	98
426	296	323	27
427	3	145	142
428	76	97	21
429	190	258	68
430	39	78	39
431	300	316	16
432	305	311	6
433	185	229	44
434	70	152	82
435	97	209	112
436	255	301	46
437	20	107	87
438	109	202	93
439	173	219	46
440	66	180	114
441	88	202	114
442	18	113	95
443	62	126	64
444	166	246	80
445	20	63	43
446	95	134	39
447	100	165	65
448	68	108	40
449	82	207	125
450	9	83	74
451	181	252	71
452	183	297	114
453	165	207	42
454	34	243	209
455	82	194	112
456	230	264	34
457	227	320	93
458	191	312	121
459	77	136	59
460	164	187	23
461	31	135	104
462	7	126	119
463	33	54	21
464	279	323	44
465	154	196	42
466	96	148	52
467	41	131	90
468	60	169	109
469	67	67	0
470	92	171	79
471	121	144	23
472	77	136	59
473	64	126	62
474	204	204	0
475	56	162	106
476	70	191	121
477	58	104	46
478	104	213	109
479	28	101	73
480	140	181	41
481	285	323	38
482	62	101	39
483	26	96	70
484	17	124	107
485	86	173	87
486	84	156	72
487	215	323	108
488	33	67	34
489	70	218	148
490	285	285	0
491	189	246	57
492	68	217	149
493	53	139	86
494	97	226	129
495	104	169	65
496	20	144	124
497	271	323	52
498	58	135	77
499	323	323	0
500	24	101	77
501	98	98	0
502	127	190	63
503	9	93	84
504	249	323	74
505	306	323	17
506	33	182	149
507	200	296	96
508	80	181	101
509	81	143	62
510	64	118	54
511	64	199	135
512	91	199	108
513	207	279	72
514	156	188	32
515	190	278	88
516	80	144	64
517	81	198	117
518	252	318	66
519	114	165	51
520	154	154	0
521	61	160	99
522	196	242	46
523	66	87	21
524	143	204	61
525	210	307	97
526	12	93	81
527	96	234	138
528	107	128	21
529	94	296	202
530	195	271	76
531	208	267	59
532	62	186	124
533	244	323	79
534	256	318	62
535	161	222	61
536	147	243	96
537	283	318	35
538	251	313	62
539	191	233	42
540	237	318	81
541	86	158	72
542	233	300	67
543	214	304	90
544	68	132	64
545	82	158	76
546	118	223	105
547	269	323	54
548	24	165	141
549	199	247	48
550	164	207	43
551	141	262	121
552	286	323	37
553	221	323	102
554	49	92	43
555	216	264	48
556	71	136	65
557	149	168	19
558	52	197	145
559	189	294	105
560	39	185	146
561	29	143	114
562	67	245	178
563	210	276	66
564	242	323	81
565	179	267	88
566	120	194	74
567	9	111	102
568	19	86	67
569	63	144	81
570	213	323	110
571	1	88	87
572	267	305	38
573	171	226	55
574	237	264	27
575	266	298	32
576	177	268	91
577	187	187	0
578	297	297	0
579	87	162	75
580	74	144	70
581	266	315	49
582	160	219	59
583	283	303	20
584	201	302	101
585	57	148	91
586	283	283	0
587	37	101	64
588	170	239	69
589	181	300	119
590	274	306	32
591	1	128	127
592	98	137	39
593	129	275	146
594	270	323	53
595	206	220	14
596	141	246	105
597	14	67	53
598	77	173	96
599	57	121	64
600	76	163	87
601	226	307	81
602	60	107	47
603	236	323	87
604	45	144	99
605	16	50	34
606	83	174	91
607	29	154	125
608	108	147	39
609	63	106	43
610	170	252	82
611	88	144	56
612	12	120	108
613	67	289	222
614	175	322	147
615	231	258	27
616	151	174	23
617	312	323	11
618	107	181	74
619	238	258	20
620	101	167	66
621	152	237	85
622	44	90	46
623	136	168	32
624	171	308	137
625	271	271	0
626	212	258	46
627	105	276	171
628	264	313	49
629	96	218	122
630	227	295	68
631	193	207	14
632	167	211	44
633	125	148	23
634	225	305	80
635	24	178	154
636	202	323	121
637	42	118	76
638	140	307	167
639	133	199	66
640	153	296	143
641	196	250	54
642	46	121	75
643	32	174	142
644	202	233	31
645	239	282	43
646	172	263	91
647	67	126	59
648	133	199	66
649	128	222	94
650	172	260	88
651	78	179	101
652	317	323	6
653	201	258	57
654	6	111	105
655	34	145	111
656	88	153	65
657	96	232	136
658	225	278	53
659	260	312	52
660	45	124	79
661	142	277	135
662	223	282	59
663	230	323	93
664	146	220	74
665	165	268	103
666	13	94	81
667	186	252	66
668	196	246	50
669	92	154	62
670	125	259	134
671	122	183	61
672	11	106	95
673	187	314	127
674	284	312	28
675	36	130	94
676	82	122	40
677	74	139	65
678	86	235	149
679	52	192	140
680	39	143	104
681	238	291	53
682	78	143	65
683	271	304	33
684	62	179	117
685	217	269	52
686	288	313	25
687	121	239	118
688	257	283	26
689	162	304	142
690	129	223	94
691	20	58	38
692	236	290	54
693	56	119	63
694	27	137	110
695	199	199	0
696	160	201	41
697	83	190	107
698	69	108	39
699	150	204	54
700	155	276	121
701	232	246	14
702	173	276	103
703	16	48	32
704	289	323	34
705	164	308	144
706	196	323	127
707	16	108	92
708	215	254	39
709	25	49	24
710	221	315	94
711	122	202	80
712	6	49	43
713	34	124	90
714	292	292	0
715	7	93	86
716	50	245	195
717	198	255	57
718	190	272	82
719	175	217	42
720	33	87	54
721	24	91	67
722	67	124	57
723	153	194	41
724	199	294	95
725	100	168	68
726	264	278	14
727	246	260	14
728	6	76	70
729	15	72	57
730	23	70	47
731	302	323	21
732	72	152	80
733	112	191	79
734	207	313	106
735	46	152	106
736	25	64	39
737	78	142	64
738	223	297	74
739	74	144	70
740	26	227	201
741	73	173	100
742	237	313	76
743	68	145	77
744	124	209	85
745	185	250	65
746	101	170	69
747	78	78	0
748	90	158	68
749	25	95	70
750	207	312	105
751	270	306	36
752	90	205	115
753	246	302	56
754	35	177	142
755	20	95	75
756	48	172	124
757	206	246	40
758	5	83	78
759	105	244	139
760	256	276	20
761	132	285	153
762	68	279	211
763	260	284	24
764	249	298	49
765	201	278	77
766	158	200	42
767	243	323	80
768	183	214	31
769	48	158	110
770	51	118	67
771	206	312	106
772	124	170	46
773	74	148	74
774	101	194	93
775	87	167	80
776	99	255	156
777	61	125	64
778	7	154	147
779	136	214	78
780	270	312	42
781	278	301	23
782	118	137	19
783	31	188	157
784	18	108	90
785	240	292	52
786	206	245	39
787	89	188	99
788	40	295	255
789	166	313	147
790	117	278	161
791	5	122	117
792	36	142	106
793	116	303	187
794	66	143	77
795	74	148	74
796	198	320	122
797	185	275	90
798	47	148	101
799	225	239	14
800	69	116	47
801	169	228	59
802	34	34	0
803	167	181	14
804	108	250	142
805	89	174	85
806	3	98	95
807	16	123	107
808	109	160	51
809	162	243	81
810	114	237	123
811	239	306	67
812	157	257	100
813	69	121	52
814	169	224	55
815	96	206	110
816	170	202	32
817	116	284	168
818	217	310	93
819	83	219	136
820	307	323	16
821	35	128	93
822	58	148	90
823	25	106	81
824	24	128	104
825	273	323	50
826	49	70	21
827	281	323	42
828	30	181	151
829	16	163	147
830	29	127	98
831	199	304	105
832	115	225	110
833	110	228	118
834	224	303	79
835	163	194	31
836	227	294	67
837	50	166	116
838	12	48	36
839	8	83	75
840	189	247	58
841	78	124	46
842	72	141	69
843	185	312	127
844	202	284	82
845	129	148	19
846	92	174	82
847	51	138	87
848	79	186	107
849	243	323	80
850	168	168	0
851	177	177	0
852	2	60	58
853	126	185	59
854	33	80	47
855	179	209	30
856	227	227	0
857	121	284	163
858	5	138	133
859	263	323	60
860	181	239	58
861	250	277	27
862	313	313	0
863	2	67	65
864	226	315	89
865	240	319	79
866	145	239	94
867	144	190	46
868	113	236	123
869	228	295	67
870	68	138	70
871	143	202	59
872	87	200	113
873	246	323	77
874	115	136	21
875	275	289	14
876	181	225	44
877	57	188	131
878	189	271	82
879	54	122	68
880	161	191	30
881	234	240	6
882	93	243	150
883	298	323	25
884	212	308	96
885	58	132	74
886	199	279	80
887	95	202	107
888	227	258	31
889	96	272	176
890	62	126	64
891	131	201	70
892	239	289	50
893	92	185	93
894	64	141	77
895	14	67	53
896	25	152	127
897	172	289	117
898	198	308	110
899	108	177	69
900	12	36	24
901	104	175	71
902	77	144	67
903	139	292	153
904	38	133	95
905	171	239	68
906	274	323	49
907	45	137	92
908	66	160	94
909	4	127	123
910	79	166	87
911	206	323	117
912	17	46	29
913	272	323	51
914	43	106	63
915	32	144	112
916	246	323	77
917	257	323	66
918	62	132	70
919	210	278	68
920	225	323	98
921	4	177	173
922	235	282	47
923	206	267	61
924	249	323	74
925	244	323	79
926	201	201	0
927	210	323	113
928	11	54	43
929	48	105	57
930	323	323	0
931	83	152	69
932	237	304	67
933	42	159	117
934	233	233	0
935	99	246	147
936	209	209	0
937	226	323	97
938	39	132	93
939	105	312	207
940	76	142	66
941	35	122	87
942	163	304	141
943	110	219	109
944	114	160	46
945	80	150	70
946	78	148	70
947	93	193	100
948	183	297	114
949	284	323	39
950	288	323	35
951	41	111	70
952	134	219	85
953	114	207	93
954	174	252	78
955	98	276	178
956	85	137	52
957	72	147	75
958	269	323	54
959	284	298	14
960	36	99	63
961	94	140	46
962	161	252	91
963	121	252	131
964	38	108	70
965	198	266	68
966	230	310	80
967	225	259	34
968	105	190	85
969	48	48	0
970	30	154	124
971	60	237	177
972	289	295	6
973	165	240	75
974	50	167	117
975	53	144	91
976	241	322	81
977	169	286	117
978	166	223	57
979	182	283	101
980	2	97	95
981	218	268	50
982	33	123	90
983	15	67	52
984	267	267	0
985	57	131	74
986	155	209	54
987	160	160	0
988	174	188	14
989	217	314	97
990	26	190	164
991	103	168	65
992	15	148	133
993	103	174	71
994	224	276	52
995	160	229	69
996	270	303	33
997	91	283	192
998	278	292	14
999	295	323	28
1000	146	237	91
Time: 79 msec.
